38399
31453
43906
1875
14905
19504
32826
10721
10195
4276
19094
11542
37866
26344
24194
40110
18534
35464
35623
36456
22829
40202
20866
32296
8661
15549
5021
31690
1809
40630
41222
24593
39971
15631
11731
7356
13304
37856
25970
8910
44067
6323
32196
41003
35875
37163
8638
21355
920
41564
16670
34545
18876
39615
14023
14709
41618
31438
25130
7293
10574
31257
11744
32112
34850
15357
6746
14396
15170
34161
39983
895
16846
23516
40465
38556
39356
13398
509
31120
35238
33040
129
41777
223
111
29516
1377
43840
6078
16903
3010
32462
1109
38264
4707
15385
5054
8194
9883
33902
14896
715
21267
12152
41307
11582
9763
20076
37291
8903
24764
2827
15048
41213
40774
24615
17297
35676
18588
7343
33483
40631
22574
27482
37023
2851
29315
39892
20485
15895
6564
38789
33899
1738
21801
33475
40248
6276
7604
32850
27617
28758
41102
40195
33053
43905
36108
1707
35185
41184
36767
17886
41180
24828
16071
32066
43494
44039
31162
22778
4655
41486
8038
23941
39674
4472
4666
12685
34725
42999
38541
13124
8615
34095
23011
38203
20156
8869
43330
5275
13635
19341
11212
17337
17937
5804
1952
41122
38699
8856
32173
18178
764
8613
13048
29622
38482
43992
24687
36441
2033
17558
40607
37235
22838
40431
28405
41760
18154
29570
42771
43644
40738
22741
10467
34737
4479
4452
38971
11430
39594
41092
36232
38558
42274
36020
40338
25308
15658
20480
1129
3167
35337
41595
21639
41174
17346
4893
31692
18301
832
40623
21139
36707
775
12236
19691
5859
40188
23223
8793
34961
18932
12910
19857
11412
41363
20659
40013
33080
15775
7195
24055
11152
31633
10802
6964
6754
36960
37070
19501
38823
12429
32939
17706
30979
6673
41431
25208
9548
1321
5200
36779
44371
763
22185
35642
20861
40791
8150
43600
41412
27755
8683
30320
22777
17178
40158
8877
15890
1011
16338
5767
28482
42073
15922
36833
10100
5655
37022
32921
7449
3582
23563
37361
10147
40723
4658
21510
17090
36102
16011
36590
18723
44400
15852
12898
35834
28406
21445
31608
30933
15505
7668
38910
21747
40262
22524
35280
17776
25555
1469
25686
19086
18982
18059
1549
20501
3332
28189
27637
40758
40538
8931
24679
23290
35475
25616
38448
22927
6684
40441
41814
16982
12389
5571
40117
30206
11366
41565
7024
11416
18668
10959
40500
11357
38188
1453
26238
5564
33324
2143
12994
39310
36106
39876
12565
25206
9512
39530
35324
22705
31178
39932
38566
25262
1724
40535
43939
39988
14657
39694
26223
21061
8647
37951
40408
492
7352
17590
39836
7946
13252
17998
20517
31298
16519
25669
13113
9683
9561
39118
42317
36344
26092
18651
23915
33093
1919
1374
12347
42819
20371
31152
30710
929
38621
21055
32323
6602
11259
21425
5600
44215
9067
26057
2915
27776
22539
2078
39005
36348
41408
38151
21367
11881
623
33885
40780
9230
39252
11431
25435
7247
10117
35610
28081
23470
41209
41027
38299
32630
23955
40298
18920
31517
27973
19502
15988
34639
42029
33790
38836
735
12567
44335
16709
12873
30706
25688
30820
21024
41877
36382
41329
40275
39053
42041
12340
41567
17815
13648
5810
39321
41252
39163
30960
10221
31897
40053
44381
27351
34293
25276
39016
40633
43717
8085
12842
25828
32291
19724
37422
20001
9277
21138
7222
41356
40966
41911
42777
2272
18373
22372
41801
5397
38181
37994
31968
39803
25222
1379
25789
41825
3474
23755
31802
40806
999
34625
39738
16511
22202
34591
1466
9123
40984
15473
30826
20869
5263
11287
43757
38362
2501
34793
23436
20196
17551
44475
38906
8915
21793
2861
39977
38196
193
32639
22570
3710
6681
33360
43469
25302
18647
40655
4644
42593
32793
15659
42309
971
25315
25675
43327
40350
39027
14302
5795
30914
2982
3485
9856
36295
2849
11884
22163
37342
12059
7010
24440
6881
4291
42169
32130
3750
19753
9730
41742
41465
44082
39446
34722
13008
23911
34126
6061
34868
23673
35377
44309
32727
44047
32123
7503
38689
41867
24405
24930
23997
37113
22007
41115
10724
15130
24325
28035
30593
18996
24005
17839
16582
6949
32145
13483
41084
6629
36450
8715
20545
36742
3756
39613
41069
14646
14068
34947
3510
31034
28520
44386
41600
42033
39975
309
44508
38604
13359
35525
33249
40866
18062
7667
3012
42008
1133
36059
10809
1303
19525
3540
32989
17616
11118
1444
20269
35835
39813
21325
33149
7210
15142
31158
11187
38309
40923
3779
40489
36691
34649
43942
38543
23088
7513
42168
40303
41234
36366
1942
17535
38925
38909
22676
38609
14244
14963
32142
41975
5487
41988
13177
17809
6996
6548
19666
44055
11465
12074
33131
34618
23447
19590
3594
18870
39830
41175
39834
33338
35218
41732
42124
17811
23654
30950
37625
6976
41387
16659
3724
41751
35184
40680
23097
24811
5879
7361
28984
36863
13125
43917
14991
33504
23548
38742
32109
39213
18309
38550
6059
40612
42122
40281
18393
12680
7117
37454
21495
41592
5210
2832
41366
38940
6388
22840
42365
17171
43425
18835
4388
15602
4304
41480
15824
488
40305
37445
36063
43333
14902
7512
35652
42192
7671
4980
23386
6467
19197
15126
3168
5957
2377
4377
1706
2771
1199
932
2156
42707
5883
43481
40107
36642
12897
24345
3232
37623
12183
17013
24379
36421
18698
5692
39074
35026
22073
32088
38119
4770
23557
41611
1235
4825
36768
1631
7516
18334
32765
6032
30995
8446
17342
38794
16130
39490
41110
26099
37112
30719
41040
39092
35294
39431
30196
42263
14386
24387
11158
39337
24786
34637
40882
5292
12175
10604
40996
33589
15579
40043
18940
40979
4968
10967
21811
25384
11954
8957
39585
18854
38772
20433
41960
32332
32349
39236
38017
8535
32837
10247
20596
17300
8591
23704
13844
38937
13382
16535
34191
35116
13947
26455
17176
2633
21052
38970
16277
18587
479
36425
5518
680
33365
32167
34174
23369
2896
41172
4092
38492
38765
1993
22571
16705
38529
41518
35023
13320
37766
40072
3344
41170
4409
19937
38412
42068
24640
2786
20857
17356
37173
30595
36195
39653
36965
31123
39920
43561
12118
3349
39320
41934
40849
10273
24830
8022
41927
31910
14668
1204
39775
17001
34059
24123
40003
25368
34963
34638
12027
34702
40091
5462
41506
21830
26756
35019
40168
7374
31626
37901
42906
22605
37439
18073
18710
37791
40430
22390
17215
17994
37912
11784
18514
6549
39102
211
32451
21136
37492
24128
7915
18447
20258
32415
21102
11415
33096
19919
15373
12724
44374
18948
2873
41446
39952
13238
10795
31568
23888
43664
31081
20915
25322
40807
9457
1747
33638
8949
25700
31156
37993
4863
25166
32819
13216
612
31574
43932
31176
34769
15952
2193
824
8572
39973
17827
40628
29973
1168
4316
36504
3531
40487
7139
19640
12666
40461
20728
40909
39145
41967
42065
36273
41087
17892
3928
39082
21662
10397
25248
39949
6239
12931
41035
10153
28504
14000
38423
40515
40844
32749
3869
7217
38727
41745
9321
3413
42267
37336
15851
372
37714
31791
18365
43776
722
20961
17306
5305
22032
36105
38945
36362
12105
24076
9267
31058
9841
5059
11538
36754
24151
18931
42927
21002
17409
2703
17684
42708
23581
18287
14255
42037
9219
42053
27753
31150
41852
23952
23207
22593
37251
22875
3862
35773
38634
578
33876
1417
34330
35274
21321
1842
41029
2400
11296
38251
41292
20434
20201
37508
15550
17738
2426
2012
11030
35060
39631
30143
17926
9194
34380
7191
35564
20025
10748
11470
1615
38155
4284
41238
22735
10292
39513
3452
21042
10887
1234
24653
319
41844
4394
2395
17852
6024
780
41079
18345
17547
41179
33879
36475
42270
42150
40050
28163
5264
9254
4404
20606
17859
2791
5306
37332
34872
32685
18927
18548
13110
11211
37555
274
41748
31398
20070
20347
12314
38092
12589
21506
40196
9232
33163
34693
339
31057
19826
4902
12877
31183
778
39632
18316
37497
5665
30676
33230
39616
18005
2619
41584
8466
2749
40169
37739
39255
9744
22191
18778
13288
3131
8026
17110
6729
20551
35322
14768
39263
32371
32100
3211
40442
15786
39899
34844
38930
21448
38879
37193
100
6401
6297
22983
39612
32914
24079
23858
16063
7899
41758
37788
39284
25695
36004
320
6932
38941
35264
22327
5296
32265
13065
9518
34636
32193
38380
28483
33649
5782
37600
23224
36384
11068
1371
18280
12251
17250
18066
24539
30806
41601
39999
9290
44131
44498
43945
851
1575
19699
9475
32127
41364
43504
20300
15680
2109
6257
16322
40939
20733
9982
20598
12703
21997
21159
38547
40029
34377
19155
23065
22091
39677
20714
11827
14807
28065
38560
3261
40036
30469
16464
19880
16737
7481
4455
5802
36491
33812
9367
13519
20326
6193
4270
13503
11875
39696
26594
37689
1820
8742
36802
37236
32888
32401
22646
22916
31963
40737
11968
6285
1624
18061
37894
9806
15021
18335
34312
4233
22085
13162
31852
9103
23767
30753
7132
7224
38669
34430
13463
30746
38003
37582
2476
22607
41625
24606
19226
33416
13266
366
37839
40684
40447
39194
36806
3780
22967
19249
43536
38624
36605
34040
20900
20015
40437
19744
3878
3120
9292
4812
16712
41862
38649
11574
7450
6442
15776
11578
17702
2759
16570
19365
126
1245
38219
7754
37200
11535
540
41077
32504
21726
20626
38475
3682
25291
861
7045
40071
4705
33654
41317
20705
38379
24621
34740
41667
12827
35718
42868
12297
13716
37684
27153
44212
28230
29304
40325
6068
5381
15448
15896
23770
34808
32767
14766
25708
41566
25064
24449
37987
18966
10846
12070
23926
42030
24438
36474
17338
10866
23632
12593
9199
41409
34954
41424
1517
6571
10470
4303
19195
14770
37561
19514
2470
42327
6978
2521
40088
37960
41097
2155
38142
35020
40583
10767
33556
31148
38253
15050
5818
38784
3864
23210
11186
3488
4901
5694
10808
8859
26178
44243
5933
5602
41425
31061
18349
18885
6527
42550
40008
13262
38708
16319
26905
5950
9844
37603
36146
12413
17179
35450
4619
12490
32839
19387
35055
8739
31459
11361
6952
40370
39477
10291
3405
21792
20465
17283
13058
37447
37243
36969
39503
228
20058
44260
35082
7718
17496
16611
13394
34869
7914
5525
10988
37638
3155
33541
10077
12709
37624
41114
37785
42541
23150
43599
31282
6210
19270
41460
7850
42184
31671
31867
718
34893
40047
3748
27175
37728
21732
19848
4867
6608
2869
10477
8507
6076
35193
7856
44178
14983
12512
40617
32624
27549
37534
39911
21340
7226
34457
9866
30851
1799
19061
5248
28403
39209
19727
35672
44081
43134
23999
18269
22578
23004
29641
39299
41909
8844
2260
7038
38282
37151
21501
13157
15780
39565
3666
19265
27283
8976
37873
32250
44366
32139
17285
18425
42677
35413
3060
23781
4085
35293
19897
1694
5790
2247
34752
6601
383
20355
591
11591
21965
12015
35721
3583
20383
36032
6287
10695
20074
33070
11303
24595
20564
5312
30879
33882
1277
11604
36488
6856
40299
27331
4166
4523
21126
4073
14783
39945
14782
41794
18886
3681
2378
41876
6292
15325
42870
18223
23825
8147
22478
5019
34542
3240
34383
7750
19448
23959
3065
37637
1020
18711
41095
12592
37683
42044
2259
9714
33480
9765
38274
21335
2564
16626
10315
3219
42632
41330
2648
41759
39822
31096
12053
36088
40165
20595
6361
36911
13863
39928
6908
17530
29904
41719
2019
40443
33639
41181
27035
38368
37170
4374
22296
35872
21852
41033
40000
4657
22623
13454
35935
2264
26781
34692
38544
15537
23564
2952
8422
33520
5652
3701
40517
41570
23558
2591
11140
8726
5152
30811
3728
1970
16174
35215
1754
1626
31748
2955
4216
19531
39379
14049
36530
38123
21730
41665
18963
24805
19379
1013
37566
8735
41401
9945
35454
5931
20873
41371
39222
7975
20377
42844
12526
15906
6959
25585
20249
13678
4955
4976
40497
22140
35284
6367
34348
5162
18225
32119
37619
2958
7808
30881
4487
3311
38900
40964
41105
1600
40678
6709
39201
10338
20732
32355
2084
17047
38427
40224
39733
2900
34284
42492
40042
5498
39434
24037
23142
15148
34410
41001
40679
7992
39339
13033
6198
6486
20846
39389
16884
11869
17118
4767
9905
32728
12401
13064
15300
43465
34474
13232
36903
17934
40956
34133
42650
35752
27514
20353
39199
38842
539
1507
25193
28534
4556
41533
23083
41492
42104
3145
15600
26520
67
44058
39801
36999
38458
39135
43597
39636
22671
37597
41233
25297
42149
37339
34768
15771
31773
13072
3182
35130
38350
16359
42057
16051
37038
1741
38695
12640
7508
37658
9416
4918
37149
1623
38956
40485
41650
21733
23066
22198
628
153
16977
13410
40851
6596
1289
39155
9709
21864
2442
4403
23987
17474
29557
38483
40562
35831
23814
1101
37889
18205
19789
12383
22938
9894
42530
19868
38770
23435
23047
11388
18878
39172
9045
23200
7056
41109
273
9375
30919
34423
7420
17332
16835
6447
23316
31410
32280
24459
5446
2713
37802
12661
34034
7241
35102
21790
19498
17189
34066
4568
35245
25127
39143
43489
41974
35253
18779
2746
16885
15596
23674
6207
6635
23594
19851
10935
17751
35723
43835
5160
24398
40681
21241
10414
128
40755
38953
39395
7111
18547
21851
11239
11737
7840
9600
38986
7105
31869
44223
23415
13965
41970
38709
18391
10243
7642
2868
1030
26956
39509
10429
1344
31264
22492
17902
33381
38561
20943
24352
20456
40326
7974
4715
10804
6250
20295
36204
22496
30661
21186
14413
34777
13585
35079
38357
15899
33468
38819
40811
35013
42374
38243
19457
9130
39893
18328
40819
13754
5732
12270
41405
19325
4282
42697
38061
3263
31426
10448
40296
38911
22314
39218
44519
14919
40034
40106
31685
38848
40092
6377
38005
19638
6702
31136
15321
21057
11242
12077
9394
2335
37931
42154
36153
40688
2732
40353
8420
39965
4991
20486
43998
35489
31801
8582
40942
26511
6264
40557
17802
34507
11184
5208
23980
20731
2062
19123
19449
14729
29818
20460
10287
7727
20073
40319
12664
22208
16677
19169
39872
17678
34492
7355
21827
42151
10907
1830
15517
38613
23589
11527
40762
38239
1258
16937
39726
41028
10089
14298
30519
26181
2657
40011
17910
35403
40301
19672
23015
9769
8650
9570
32443
39333
16259
14434
1116
3432
40327
44375
31371
8710
16223
7725
39123
37419
22750
30911
27750
41965
33255
39214
34282
12612
32649
40420
35787
43013
35664
20623
34960
13520
8641
15504
11349
2261
38860
15173
39267
40563
21469
29828
36129
38122
3658
42955
14764
10130
16842
26647
3364
18961
39390
36048
23389
40676
12689
39224
34876
25469
41577
42301
22686
18875
38524
11609
39378
40207
6238
32033
22901
20792
38278
32584
34194
23297
42288
22693
12527
16811
8222
40411
44211
1808
40059
41756
14933
21158
23068
11992
23618
16975
39790
10340
10325
31547
41406
34302
16531
23351
42287
14641
2652
23456
32892
36460
41032
22116
11494
5696
11162
35719
35255
28114
3389
40469
7637
21352
40259
32811
38788
30923
33706
30086
40990
25233
39428
8807
11719
23295
40371
18584
2009
30496
42655
6651
11645
41463
38240
581
31403
29647
3378
39851
34964
16981
38619
36658
5860
22975
17753
32818
31938
28593
2838
42306
15557
40445
40929
6914
21441
35646
1281
35751
20213
36486
40095
32526
10067
5308
40287
41369
31940
41365
22425
22211
40292
6408
44256
14319
33594
30464
16003
40311
22377
9689
34361
41322
15250
35203
24020
4104
9534
15873
29686
11198
19487
39003
17745
16321
4680
22215
16168
348
37588
5266
44399
34270
42224
7664
27683
17637
22473
16798
34715
30909
39298
12726
39387
20438
16814
19201
42653
8748
11519
39766
35476
2996
20991
39554
39331
21857
41615
6821
8479
3024
24015
16735
3459
1663
8205
13707
40058
20500
22748
17222
3590
32881
42170
878
42207
3953
86
43566
12963
13292
4226
31353
32222
38060
32416
7060
41462
39584
40144
31008
41168
40472
40185
1269
14664
27719
33778
10188
2023
17157
41510
41743
16202
37808
19575
20920
32432
10851
27105
34821
27485
15770
43912
44316
20129
41271
37528
12039
40400
18926
18582
17908
40892
11106
39583
304
38510
40920
32790
29341
16086
8665
33873
34938
9438
16157
34911
2214
7858
8279
19521
27005
31033
39116
40009
37921
40293
44074
31418
41217
13656
38490
34425
37836
40732
32342
4213
40972
24602
34116
3254
10119
29466
13704
30994
33914
1768
14971
38000
4679
5699
10356
7589
3355
3190
43663
3521
28148
23191
437
5494
22906
8916
41309
40826
30931
28489
39774
26972
22303
7591
7542
41294
39400
19725
39478
5889
5927
14174
33020
21462
8672
12539
36194
18372
12001
12075
21313
38194
692
40740
18941
24237
21261
41475
41182
2268
37792
13341
1428
15261
7722
811
40428
34813
40410
13928
16085
40906
42069
36404
1448
17288
40170
38932
40354
21434
23732
3316
39429
5071
4668
42493
44522
34325
41072
29409
24339
5646
4897
30656
13634
21491
19212
12354
21583
2848
37838
23120
40550
21584
8612
37396
32308
25730
12489
39639
40223
17977
12902
29616
7469
39149
42668
2804
17628
21803
33505
31179
15793
19576
31174
40521
23630
1246
9860
696
42100
18430
33542
31738
40734
2064
35547
4996
41297
18619
5023
39538
5278
35467
34798
42191
33514
29775
33340
36082
22832
15118
35573
12940
12717
15633
37914
41190
43880
7305
16430
42629
41155
10947
37948
36538
32032
11531
40558
17068
42857
8682
10454
39930
39350
38402
32174
11668
38223
21771
6480
12970
32277
16965
9596
38939
20056
41319
20376
39107
20635
4439
4410
10528
39239
40771
24300
33347
43224
5285
15543
16534
40582
23495
30795
3313
40193
5901
31598
8810
19809
803
13319
16346
10725
40685
15720
26433
39624
8416
21487
8755
41254
41504
22560
40226
18281
9212
19298
37660
26790
6593
18928
33719
1255
13795
12458
7402
12834
40948
9373
9081
40087
23220
1237
9355
20683
7904
6064
13150
13419
42213
20807
3952
6441
36200
33581
39245
12606
41021
33962
17512
16622
42217
39164
11355
4997
9250
19173
40534
35909
10248
3709
25949
33565
42117
8365
40993
725
42304
32208
31857
18910
38086
18732
21721
39051
36162
21252
25301
25724
37673
1018
32290
11896
34997
35767
424
40005
15828
31751
41273
3020
35866
41022
16778
26837
41871
23777
39498
36979
41812
21218
41416
37376
10405
21251
33779
31102
38135
37211
33297
15696
31281
9891
15809
3875
37367
39881
23510
8099
10927
31817
8774
27959
41312
36594
40823
16667
39415
31733
18986
24056
2107
13504
6943
6580
23141
39898
1929
27668
22488
21044
11601
42028
8624
16283
6275
10765
41302
33282
11752
38266
10745
38581
39467
26687
6944
40056
41573
7415
22667
10844
18770
39274
39649
12259
15155
13663
36920
2128
40436
23503
40526
38726
9423
17947
41666
18795
17018
37282
36147
3051
33659
451
7426
2368
34324
40796
6986
8698
7962
14626
37812
23813
20969
17449
6689
18097
41219
40175
41018
21185
17256
33030
23635
19500
40954
24546
30051
41656
38443
1604
14870
35809
32736
8716
84
6452
37042
24230
21538
31904
22510
35382
37366
1763
21259
21077
15761
27144
23171
13644
39520
7234
10973
12486
39542
33065
20356
25085
24146
2748
33348
39087
31405
32183
23477
1119
27760
42358
900
40556
909
15860
39370
34601
42265
38916
36445
12084
11876
2300
17507
39523
3500
39348
40549
20389
27449
2405
24499
3104
14418
2717
40735
7527
35660
40973
43781
38329
11325
2066
5781
15854
28735
2409
22123
40089
6648
22649
43959
19766
15019
22872
39117
26899
21350
5496
29915
16297
33957
35651
28960
40949
38284
31325
5893
41232
35913
17572
40109
34694
20508
2989
35669
12959
40595
17792
39896
8646
35169
23639
37690
42076
40464
40763
10966
19429
13438
38248
10691
17680
43278
38004
38182
44069
1486
6792
10961
15039
41376
2893
42769
4405
39451
4784
11394
7364
34068
25704
33026
17077
36919
13866
16568
11265
6663
41838
3939
1825
38220
20794
41631
42316
24720
2125
37882
29940
23965
24431
23155
7286
20764
1422
11404
38668
12146
13299
39746
12506
2660
17282
40830
40222
4603
24510
31038
35051
32013
4613
30832
26723
32663
3366
34822
15083
15240
40282
2079
30573
21929
31073
27943
14361
31531
42531
11351
19289
31642
10593
20686
17717
17975
9455
10052
4909
9088
33683
33337
26579
9663
37254
41902
25727
38075
40588
42227
28110
6237
21775
13575
10731
32202
24626
2606
6040
19693
17711
31357
5904
438
15909
42775
41485
42062
2488
32917
39231
39097
13915
7598
18251
38518
34122
9851
19952
25667
33600
3127
20068
40928
41422
7587
24168
39071
23320
29985
33005
37256
20696
37
33782
7887
40314
21972
17969
3041
6219
30992
15449
24192
12238
21494
31955
8628
31432
40594
6053
37517
31055
40368
37187
38802
11411
21090
16287
40894
36429
11705
41400
39001
38413
3152
26310
1764
24693
19570
10643
18753
3726
22269
42294
16385
37910
4162
20358
26292
25196
20834
2820
19267
24366
5167
34626
44313
12591
10355
12760
2173
36375
40495
10072
27802
39232
18747
41386
38755
38690
34489
37374
44339
549
17577
43564
40880
40385
16087
9090
42054
18007
1310
36471
4799
33925
3203
33268
41918
35711
33364
3993
38037
34435
31992
15640
18532
24138
13792
39676
40508
17698
40181
37742
14921
10302
14795
40412
37148
6148
16411
40256
33592
1564
38577
4095
41224
39479
39947
14838
3649
3225
20405
39173
31318
13074
31716
32201
2344
19137
31202
39532
32702
38722
4618
33888
43167
15957
31830
29786
34389
37831
24120
22325
40294
24800
39497
16571
24778
9979
16114
11017
6179
11723
40861
42009
39607
42014
25567
3472
34420
18053
5146
40103
39184
3100
14227
40264
35323
6994
11712
6236
29992
35087
41481
34632
2752
7360
38739
41089
20130
9332
8634
39325
10694
21887
4462
33172
41586
23638
42842
39025
40918
37786
40328
36701
38979
40632
36386
10060
24233
31597
12509
20205
40506
8189
27738
38903
37703
17613
5908
42059
38085
43638
19705
14400
37734
1718
43462
7212
16615
15461
28907
41569
5544
39919
5610
31443
39906
37411
16152
39285
7815
41747
308
34563
35965
18642
19083
31779
17554
34459
24126
40585
13687
40569
13234
40142
31966
8890
31607
40016
10353
39409
12222
8951
36483
39548
2082
34517
335
17850
4826
40255
35755
17153
40297
20682
42019
1559
22159
2894
40203
28551
36096
26946
31450
15140
23871
151
41231
10095
5570
33436
31954
34378
8610
11844
20938
9865
1207
16589
11676
35961
38363
34504
18930
15405
37329
8042
38033
42542
40722
42840
23571
40184
41423
4723
11191
24969
31888
3773
35473
6069
18367
10825
3195
39229
44129
13962
10736
3045
33182
1704
387
41419
13673
31652
39595
10050
35537
38083
8010
25768
18924
40312
18224
34131
31482
1363
33359
14337
38383
42196
5800
20612
42061
38261
9026
3868
9802
23413
23443
25820
25540
26994
4606
5817
8260
26086
22542
38091
35670
3535
36938
21189
18021
18595
7239
4651
33203
40482
35963
38373
24825
1898
18551
40985
2668
6483
25479
9930
5154
20709
6325
42705
37896
38651
30133
39481
11886
38349
38079
19769
22403
1931
17756
35862
43655
11962
9310
41304
31442
38339
4566
41757
6753
37179
37642
24014
23934
34281
26082
12577
42822
10485
22765
44406
9677
42220
13985
18638
41752
32424
12705
8642
31856
25654
40179
34933
18495
42649
41382
11063
18581
39894
34932
36582
38222
4908
36927
38304
23568
3511
554
8349
8545
23880
40246
40308
38733
27120
37586
42826
39203
23151
36611
7985
42518
40407
3849
31489
4725
32635
34299
23248
38414
20375
40192
20037
38016
40265
2764
20929
5355
34187
31491
3387
38667
34465
23474
29827
41976
27632
31356
11112
40214
15514
23209
15995
40143
19670
37972
38636
31874
10383
38929
17816
22501
21930
3053
44338
11169
32186
3739
34043
22082
20663
41805
7831
3008
30775
12651
41290
28573
17692
15362
15874
40613
8191
39946
39191
16731
41638
40252
42165
184
1401
41188
24069
42528
7930
35881
41090
7779
21405
10785
1093
40097
252
39065
36343
31427
4979
747
32893
41646
38419
10013
43924
14335
23678
19412
44086
2918
1273
13554
38597
18012
21910
5224
20235
43695
2664
43704
21125
35659
41476
20695
40111
26320
18385
867
8598
23230
40094
16294
17683
37832
20538
36592
15621
25637
6145
23711
19176
9864
39156
20244
11064
43160
18499
27610
35991
11953
33584
41355
13181
10259
9978
36902
28771
17248
16567
5620
33582
4605
7272
32605
42706
14471
39275
43866
39260
6157
10875
15259
6849
13384
38244
23962
12696
38562
18826
6828
32752
18209
16702
35205
38322
34405
8268
39921
9017
24157
4090
4049
41429
2753
4840
33319
22228
41449
23095
12209
41417
7600
9748
10198
22350
42579
33265
37161
41819
19193
4713
15737
38963
13699
37019
21928
17071
12793
13209
8651
41860
40794
33936
32543
28067
41912
33438
2096
39464
22295
21671
5842
30945
40863
10298
2551
9229
24711
7188
12607
9200
17620
7084
29855
19309
21131
42674
24373
32002
22702
41101
16786
5549
2922
21677
40825
35246
12328
19807
34338
37798
13726
2225
10558
40123
40792
28376
33529
22781
16420
31668
15198
1568
13129
39244
15371
35798
16196
7505
8122
38097
7843
35689
13404
9140
17647
38204
9342
32300
37824
24815
13693
12125
2712
18052
39258
5760
24278
11791
18456
11980
11199
8671
10836
43949
40379
23169
41379
12291
34776
28033
15891
8969
40545
11641
9644
7918
22706
37651
15174
39587
36481
43245
2342
23712
38702
8302
31220
5464
1648
38291
29815
8067
9907
22245
7735
16041
30903
32573
40670
28393
21191
3173
24617
8750
40331
7957
41430
38200
40397
41581
363
28023
42231
38527
6321
31944
34584
21700
13250
41301
10895
18142
44088
9160
35488
41979
41750
19323
1732
15366
39098
37821
18794
36720
24307
6428
24644
17138
3315
35932
36042
41198
30405
36368
28546
4271
35744
38435
33815
42232
43718
13490
12448
33199
5120
31488
4105
41854
15381
8093
38693
17011
21582
8801
30962
5281
7256
32535
10033
15743
31236
43337
22348
8920
10564
37507
44482
2810
5777
22629
24075
21522
6844
44449
36963
7847
29473
39709
254
41427
20593
6230
13662
39291
5258
1253
28796
18904
9326
4463
10324
7650
8364
33205
33431
11173
31392
1912
11114
14512
6026
41741
1925
40302
2056
23391
38985
18630
30913
34743
19800
4732
12101
16817
40304
43424
269
31001
17334
40671
34445
40337
35396
16402
18211
6124
39192
8541
42182
33315
18501
3226
12624
6738
11960
10372
6534
41637
17780
36685
37545
17669
12929
13657
24265
33748
28055
43772
22260
42675
15299
33184
43784
16899
35714
2751
37710
33663
34479
38184
41455
2730
3325
43862
41384
17980
12943
30971
39408
17221
40753
38638
40227
326
37157
7714
41602
24604
41094
13014
42918
1048
23054
5990
10063
2453
22652
41869
35919
2151
38392
837
34887
24003
34417
11842
27852
12960
26038
38074
7594
2658
9799
7765
14051
16673
997
5064
1969
19087
25401
7546
28906
792
40049
24409
9671
3987
39519
9824
9411
11806
39081
38598
19048
41066
40523
6870
35973
36645
20825
23923
40108
40145
32622
40069
10049
43861
17207
40743
16719
12608
16525
31749
20850
36565
6485
40579
1765
17257
29834
33806
28380
9592
40651
2074
12427
23758
37284
13861
16852
19597
37083
42944
34554
39026
27830
21619
15769
562
16001
41296
2967
38531
26911
40388
18103
19625
11821
42103
19044
35152
23357
8867
39543
6725
5642
40922
88
6119
2710
779
40251
21127
5980
43602
21232
3632
8989
39981
21422
35903
37313
37121
15338
38107
6247
9472
11783
20865
8424
18420
2816
12116
33926
19679
33371
38411
11131
36941
23893
40769
40570
17522
41331
23749
7371
38917
34888
40663
39916
4818
40118
22001
44085
41511
38272
4082
34570
33095
17359
31266
9694
10713
26565
3925
29368
10787
44412
8354
21133
18182
15683
18068
11529
42488
8469
44116
20126
40038
38214
41402
40068
749
35224
3991
41857
18289
35570
13119
41433
20986
34698
32825
16661
8037
22166
31823
32045
25657
14844
23976
36832
35753
39411
5202
40673
16216
18597
6848
7540
32131
41413
39186
19417
26070
41208
881
19476
37828
5359
43761
22797
30969
9506
15706
28402
36349
11809
18439
12395
38044
39033
26553
24785
17045
18562
4334
799
27985
26205
13555
15599
22454
28843
40905
36729
2424
6711
37990
32644
37431
2186
8023
33807
6772
5313
35649
23740
39905
16557
19594
32458
17495
41875
16396
3446
4048
15762
24399
40309
7832
39970
12062
33376
32887
21951
20374
20277
17790
38603
33768
40656
40496
43777
16850
14669
16426
33503
7394
7080
40850
40596
40686
23374
39111
35600
44174
7294
39179
37980
19022
33677
37616
18545
41477
38134
21404
7550
8419
38847
34168
23645
15320
34350
33263
4478
5372
39901
38418
22620
27118
37190
42241
13041
12437
21257
39545
17526
26597
39798
12818
38575
41091
17794
31075
34496
7353
18396
27106
20033
456
41007
9837
5944
36628
40900
29023
36880
33173
13202
41594
37015
38994
40744
38878
41418
34195
30890
35799
6217
5125
37058
2803
7115
37851
5450
13308
39474
19858
39936
42120
12195
33089
6693
5492
39652
11379
23627
37413
15034
25725
33499
1482
39494
12863
36901
40052
11204
41619
37346
19266
44413
21654
33166
41964
22971
14952
33219
37656
15296
11707
16381
32745
42219
24527
41753
14550
35355
27951
1322
38947
36492
32757
15605
41272
43815
41093
40813
24548
37202
40554
15718
96
21704
38345
1301
33859
39283
18570
8876
40773
43976
20891
14751
30178
35810
21098
1976
44361
18509
5135
34804
34022
21280
42745
6595
44130
38858
2964
3505
33253
41635
37895
140
27932
37911
12390
39998
4597
38481
20933
40654
22754
16121
19014
35678
39151
26149
8179
12338
9028
17123
31485
32931
21433
7119
9780
36313
41186
23055
30997
23138
24466
16765
9042
20428
21551
6900
22909
40146
36990
36930
37120
43901
7881
44634
13390
17104
34572
14840
19825
23603
8320
42266
10337
1047
41054
41816
9938
18974
11113
13138
20853
43997
37761
31232
39038
40055
39035
31100
25598
39290
35566
40581
8618
960
5575
39734
27800
2954
6088
15779
4014
22452
4155
20191
16775
36774
4117
5721
41818
11356
23056
1859
11363
1023
37985
40230
25244
40010
18239
1192
40711
44370
17951
8589
7595
12281
9523
44332
39582
38898
38136
38378
6613
23490
20259
26748
8689
40295
31335
6502
5268
21203
38976
20622
20851
1215
1122
26240
42060
23112
34115
28174
32143
41843
36196
33422
41071
31149
24453
416
19493
33696
5391
1531
22764
24480
41450
42214
12348
16662
19973
1625
29764
24197
3353
17150
11477
23990
36007
10757
37041
38999
9201
36647
44401
18272
388
36255
8358
42016
36791
35517
17180
40051
19549
505
28226
34765
24169
6381
31667
11899
27960
40637
13666
34599
40987
7936
32550
35481
19998
13530
10635
24490
32683
38542
4400
38948
21073
40012
40269
26245
40119
6421
36856
19659
2941
7120
23285
8897
39375
6221
14017
35884
38816
4861
15840
41887
2381
41103
24948
38197
8847
11467
3086
34666
41632
37387
13293
40204
38996
20250
25831
31199
41861
39739
311
22837
23231
36868
2434
22438
40934
40124
3989
16545
8397
24529
6491
8232
822
40779
44408
2031
4138
2017
44021
39854
23601
43503
852
2060
40953
40182
18312
6721
1044
25294
40352
6316
43961
15530
31763
40401
31985
9477
32915
39961
36369
41338
40772
20762
5226
2631
22424
34103
44071
39976
802
24334
40351
3811
40422
41404
3179
40479
12949
31007
33548
34735
4103
9568
9427
39722
11804
17988
6784
23726
35346
38871
15386
5251
41220
2975
8596
15841
44588
37667
22569
39630
27900
40284
31268
9593
39023
1196
16500
33621
16193
13183
32597
7329
38179
2642
38234
6743
10698
13400
8389
32106
27444
42861
21525
35028
9052
14241
19856
19182
12699
5348
3234
22640
18127
38217
25549
32301
8372
37640
22980
40776
20455
606
17655
4070
12996
11251
2167
5689
32463
19572
14062
36757
23993
10255
41189
7227
42912
4693
38662
40253
41348
4587
19782
34864
17713
40527
29703
12480
504
8549
40864
40662
15141
39352
41863
4311
41846
25271
32555
17442
33978
20597
26194
34018
24673
40208
37160
18054
21413
23096
641
40261
41045
23291
38813
24454
42333
4783
4251
25812
14890
36684
19243
38311
42402
41374
14887
16564
34976
24740
18508
44536
32206
39293
12756
16878
42045
26533
12810
30592
40610
20328
6700
43921
41313
3292
1036
42658
28467
24393
39692
16617
42631
4021
17520
23009
40249
20145
33220
3215
6415
32214
19935
17560
20045
42031
40790
38706
33063
2634
42406
39212
35367
1587
36381
19447
9149
6170
11632
10923
19543
41578
32835
4689
22579
19600
9867
5932
38160
19150
39797
19865
11095
1138
5830
1737
33461
8512
38331
19338
34155
4495
42648
6542
5140
22819
33513
41804
31742
40286
5354
42133
34519
34365
41453
15029
912
17519
20808
38335
12491
20127
11541
38439
8891
40345
17610
41119
1794
23283
31129
6369
38117
32126
15112
38108
18648
39197
33125
3026
21067
8396
39857
36785
1007
16326
40490
13558
19312
13461
32245
13645
5501
24647
12412
15844
24044
31739
14957
8410
1213
3831
40800
16924
13688
5291
39309
39603
38867
4716
4744
3456
41808
11262
35090
19642
685
17203
17263
40458
15971
43677
38563
14992
9754
1365
30834
40695
42433
4982
5018
40250
38130
38657
1629
41483
38162
1370
41659
246
6985
6866
7181
33071
33204
40586
295
3237
22220
34369
22352
32506
40116
40975
39247
2805
30635
39437
829
22047
36974
36202
6472
7976
41579
1671
3449
1069
4738
41362
40903
19635
37297
42432
23400
5244
17079
785
1432
27404
25129
14423
32977
26521
20368
9019
7864
40891
8820
19398
21564
23672
36936
31624
11597
7533
26049
6777
22102
29149
39527
16807
11534
6559
5042
34289
22810
28022
4448
13055
10524
526
31831
32842
10503
2572
33750
22270
40980
29724
41582
9141
41516
32748
19954
41041
30796
42938
18138
38049
11348
2750
24691
35486
40041
31141
7315
371
34033
32181
34069
1108
40374
41193
40787
12021
4393
20959
43601
27585
37224
20297
43898
16176
39788
37221
38539
21622
40066
37462
1880
18379
40164
43493
43530
5668
22459
43011
34597
3156
39441
16801
12938
5608
11012
14551
258
22054
2879
40081
32157
38340
24047
2692
39287
42598
670
39227
3296
22209
39486
17401
31005
3837
40682
42368
6043
43721
43926
40044
37503
2076
668
44225
40818
6769
36548
12203
7652
21504
1216
6266
23269
548
12989
41212
14901
1181
8901
10190
40875
39699
42345
12484
3091
34773
39557
40871
24270
40833
17234
38758
26157
41796
6410
40126
43139
384
6682
17358
31458
39782
12764
17435
23662
29131
17851
42756
42072
41950
33800
37520
9791
6417
3238
20563
19262
5412
41346
43863
7482
20984
10596
2266
40254
3683
38500
9351
40988
19446
41874
39904
7724
11180
22064
8460
10233
19548
6229
3302
26108
39499
40017
42529
11639
12956
16868
41397
32428
18536
12918
2623
6416
39938
33086
20496
42645
21248
39055
36225
40756
6336
16299
27709
40221
13240
42067
41121
40213
40189
38749
5413
7734
38081
42262
9695
24028
40857
32927
41951
40386
38473
15036
16170
42018
16401
37722
37326
20710
33756
6507
9514
41323
41410
38589
6627
39541
34441
40396
15462
38907
20303
627
38053
1435
40959
37175
8799
5101
29654
33482
39002
44176
8333
32687
37806
36724
23787
32327
37575
31988
1332
40073
21017
1803
2222
9740
21059
44510
15919
28040
13668
40741
1000
39948
24769
22338
3134
32257
17539
38270
13146
40989
38834
7509
38753
752
9508
19152
8531
523
38995
5508
40761
41268
25959
38512
33991
39134
35347
16167
11863
38889
15756
2170
40190
529
43505
15084
39564
5166
10688
29525
32325
40536
18989
41452
16230
37842
44111
34879
13160
38290
1934
5556
35515
5622
19190
30936
13259
40757
31368
12648
33606
7970
22500
15902
1811
4776
41645
30757
36228
15972
40355
10385
27487
421
22783
16445
31237
1574
22896
36660
27380
16083
23255
30861
39294
927
35350
10865
10370
34630
39670
24473
12492
41260
8136
24131
17828
41030
43978
18137
32943
31601
567
2431
1412
43114
6389
30700
35795
10806
36494
16323
39029
39330
31840
25623
3244
23961
40104
36239
23507
40178
16552
6413
44290
6518
13346
5954
188
2643
39396
9539
23174
39974
17670
13535
21565
520
19915
40634
21178
2469
39933
18614
38768
1263
42960
6182
42925
40658
16757
17762
39080
5289
1304
21865
4747
13086
15867
21109
13303
13743
32048
9597
40322
41073
7487
12817
40546
36003
33223
37795
17608
15124
41820
6919
21702
10048
33881
41391
40782
40551
33250
17429
16523
24911
24351
31522
10379
33586
3169
20795
24021
31774
42639
38262
33412
4281
41576
41509
40290
39621
9363
4313
40335
32009
21166
30374
19481
12325
40577
1510
38159
33580
876
6183
37066
6823
20738
24062
34778
41438
26788
11923
20875
19517
32035
17785
4932
9764
20797
15956
22358
37195
15458
24036
24446
16723
27921
31495
18271
6939
26446
41014
41451
7658
3727
2614
35776
3076
20159
2845
16191
43864
1581
9703
24845
10348
23294
17374
41984
17062
37277
38050
12721
42167
64
14438
36309
40733
37998
22939
28050
9604
22285
32150
12761
10184
9100
4401
31056
7644
16646
31604
28136
16689
16138
7484
20103
42310
42329
31225
8447
1436
42671
41599
40329
19719
31227
12126
12995
2806
31246
7388
32238
37677
38201
10701
4223
41199
15945
13655
39654
39950
9717
34905
15409
39380
21924
16059
39633
38302
15304
19697
33213
3777
1761
13727
11235
18389
15417
2179
7324
39651
38426
12192
16853
1640
35645
42318
24121
18410
36245
23267
2912
17073
8530
15539
25570
40444
22567
41641
22011
37392
42752
37185
33332
6476
7958
32101
12566
22698
2416
36821
21254
32144
13559
21701
17742
40981
7994
40134
40232
37164
42331
41721
38805
17588
16998
8154
420
42905
37552
44300
8459
9892
23808
41823
37907
27768
19683
33159
16117
40974
29498
14738
40936
16236
41223
30726
44171
41919
20528
25604
24067
35772
6838
19657
8377
16308
4578
22467
20208
23745
16907
7676
38767
22225
31241
7654
32889
329
13760
44499
41479
23106
33355
10433
39922
4257
39761
34889
15660
21502
40643
7766
38137
28719
12860
16671
37626
24102
3621
31839
7436
40313
33108
3984
41845
15455
8475
3807
10938
35680
6272
17571
12987
40002
4297
9082
5465
27665
2581
37252
24303
25594
3394
23810
1643
21076
20432
2937
36453
36427
39917
32316
1194
39951
34763
7019
21926
35816
7684
40528
31423
38346
40389
39852
12232
4632
40266
16409
21162
110
9012
3075
41068
16556
40257
42672
23035
12800
22235
276
41225
39913
24551
31473
7022
39655
7099
17476
36966
945
3870
39903
22982
6202
40580
13571
21578
25120
34394
22760
32110
37501
8215
4820
38775
10803
2850
32384
20956
7741
38202
32165
38686
21297
9059
32034
2934
20140
21651
12719
26387
10228
4464
412
39413
42237
18558
40279
32260
41428
9928
21155
39006
40645
17413
41966
43652
37404
37293
34895
32810
30954
9771
38354
2906
31419
37970
39870
6677
43759
39597
6637
1797
5840
26175
33116
560
12168
35978
20064
16738
9315
11342
39024
25504
35357
40739
370
10431
38395
41488
22014
37126
3665
40475
41432
38748
22900
21190
36030
33820
31876
5222
2404
38509
40463
15000
25350
36028
26179
3719
38704
38459
3204
43398
23547
19969
33237
35945
40824
33772
11129
3434
19104
7284
40778
25197
26671
11446
43760
1675
39421
10271
38931
8828
39763
1723
12688
25410
240
4627
16306
39897
7128
13675
24129
41614
12762
11570
34817
39924
39756
38890
5920
41563
2943
8972
41917
35850
41320
31310
30699
7599
40878
6329
3854
41626
34110
36103
40798
8417
32270
4599
38514
25900
19471
40180
15845
12319
1182
24718
41590
32154
4037
15215
4600
24094
16544
22699
22002
5623
4526
3591
40260
38145
13561
9849
39138
40881
16134
38571
21969
38837
28426
35352
13170
44451
41285
3009
43115
37865
10531
11360
40300
2886
39397
7739
39844
11045
39062
28187
38277
39835
18586
2047
8597
26077
2584
5968
3285
1918
31926
5335
31835
3268
41308
3772
3499
38195
2562
38821
25978
42212
31483
24258
6852
10540
13097
31636
31635
8228
22598
32281
13269
38617
24205
5132
35687
36115
38901
41076
6692
118
41334
41731
37134
3348
39419
23311
8347
980
7150
40752
40539
31395
1657
15494
19330
34918
16607
38705
37118
31024
40705
38824
33117
40519
5357
16968
10475
40708
40054
22529
21403
13829
31308
16135
39093
3562
8226
31478
1705
19242
25292
39463
40093
33788
19033
3816
33363
25344
35070
20306
24249
19020
27230
19410
30901
33826
8328
41394
31355
8870
35104
34451
41037
12199
530
14655
32560
39526
41012
19038
37247
41585
43510
19532
10174
38467
36663
36274
42011
32447
31086
41065
32156
15675
1075
5894
33074
31300
31317
21831
32833
36646
17518
38287
12628
22876
15099
1152
32158
39037
18416
40478
18109
20327
20942
35763
18172
35544
22708
41407
14924
38177
11031
42321
10330
22399
39808
4001
37967
38430
11678
20036
39034
22214
33196
36695
11929
40427
42986
41873
32336
32135
38129
20369
39907
35580
4629
31327
40324
36872
21871
20398
42099
6099
22216
40914
23049
24354
846
38960
23518
2001
32079
20226
40361
38935
36744
34999
461
3932
42264
36735
22479
6607
13204
39086
41096
3699
23163
16221
30816
41375
2372
18085
645
19418
4886
7872
22277
39115
9180
36217
43780
36389
36314
42271
7096
35307
16412
21272
12692
17517
19654
37340
33530
21288
26926
19046
25170
12982
5039
41866
31610
17639
18923
39501
10014
7148
4574
33857
22878
32216
40201
38968
20318
10676
39663
11382
26576
9972
1530
31487
5750
35977
9226
39914
16854
42982
6854
24849
39577
41100
16886
31381
18760
15023
36357
12686
11989
15801
8565
5786
12122
39843
8626
7425
20367
17703
39650
11867
1380
34190
38377
40402
19639
10442
32715
16683
23211
39804
4482
38685
6430
5769
26221
31711
15092
14575
6727
18691
2876
28208
38868
41293
27856
781
41435
39853
7347
39885
31467
32364
7804
11282
40122
20812
20852
9274
40129
23918
11381
42680
1476
37943
7123
17668
32017
1829
16026
40997
23734
33872
1343
32182
37757
18083
26151
42064
20492
22870
17695
40789
19799
24643
37599
34524
7579
39225
2373
41454
354
18102
6263
37937
39918
40568
35492
39760
8599
42238
4608
42973
1206
10902
40384
40462
31942
2134
16660
9348
36021
4667
14926
18161
7354
34810
38355
4691
35342
42020
41328
26961
11255
32556
12071
9136
42063
6093
22052
38517
11244
35793
34076
4953
25813
34462
5719
35598
38738
694
40927
15553
8316
7964
23246
15106
24928
38450
2010
40186
14712
4217
17894
26619
12845
9917
1226
36097
40970
35937
16943
35648
41617
22111
42094
26084
17064
17247
41385
6455
27929
27659
582
1543
22984
39518
13024
40742
21230
42662
20751
8527
24172
4960
10572
40503
2114
20484
41154
39257
38637
3938
36900
39642
32551
2537
25351
42676
36086
35466
32984
38526
18969
19793
36292
19831
9941
41178
16763
32093
739
22766
33057
16658
42121
27543
29885
16715
14258
17320
1264
40991
38084
32268
42134
15482
10512
806
4824
9312
19790
13524
21318
39619
22461
34794
12823
39207
32592
17624
17308
41411
39606
22210
24733
20168
42300
12112
40502
7160
18997
39021
44440
42279
10770
9181
13006
27967
10824
21380
38764
887
39882
4335
37782
6676
4301
10182
2435
6014
31036
33109
19110
33037
41215
9237
12779
43879
13121
37250
16288
10440
36371
11215
23411
24058
32087
34240
8500
40001
37429
25840
40025
19204
2389
5960
40280
24057
17459
41118
38415
7924
14313
36820
4408
31664
36055
38009
34332
8914
7189
2338
35491
35370
23748
21152
6787
41291
5350
39246
38186
28631
26262
13053
31631
21744
41015
12906
41587
6274
43977
21697
20180
42974
15246
24789
14671
28725
5820
12425
8669
41112
23583
10395
12812
9918
9428
39152
40183
35893
17746
10317
27853
41890
4624
10059
7835
41303
29609
21118
34143
27515
31571
43594
14242
25132
5110
9072
36776
20178
6317
41515
8054
6545
38936
6035
23756
19838
39837
35826
40494
38973
34233
12530
10889
33186
44535
14589
40598
2729
2783
7629
16043
24312
39432
18942
3661
5684
21370
39967
4017
22929
31181
31164
6855
1197
37527
40967
23476
9735
37755
42079
6270
3093
3482
5527
25067
44302
2091
16697
36478
32502
19957
40330
12652
8691
9943
33506
10010
41083
272
27550
19522
22044
38737
31052
23156
28678
39683
40897
13705
22118
22679
34748
41517
34149
19804
39900
39972
28092
41403
9858
21542
10872
40618
42332
36186
24518
4683
36023
32721
20206
38731
12089
20700
