011934
012069
071698
219033
073678
082233
075093
089509
029139
083393
910062
052736
989703
929721
212622
983427
133113
083878
063257
083920
019636
050844
104175
952400
108393
951738
069772
182366
213172
144824
049557
109073
039224
040025
211969
083850
082048
084189
149052
021695
001355
129369
059818
049293
022181
039358
083717
200732
070344
143491
202767
973702
029218
009417
134582
084365
082612
120119
189101
125839
115038
073138
078203
019178
150825
108417
063918
109859
098589
910566
969613
150904
154364
170998
151824
190425
152532
070413
155372
144551
193210
141854
142817
202934
160213
182966
182010
073826
159396
115366
041564
115823
124451
071785
060408
052084
180164
131812
142086
162071
159369
135688
160425
145001
202334
203306
200945
202537
150331
190868
150313
203572
153374
143589
052763
083578
122896
161346
131788
052118
130134
160407
132645
200345
191715
940627
131294
120225
115753
083223
131821
030832
084974
098525
030993
144630
992338
094168
191751
094495
181879
043226
983127
920448
124664
000877
118150
212252
869396
022358
059484
040317
202837
991038
062337
192778
139083
140334
112650
022879
115541
019584
053320
011200
081058
065307
053814
059157
090092
135069
013299
104757
162275
085503
040486
101309
149292
099588
992734
141924
141979
140079
041033
001364
964575
144658
060499
032382
962868
971186
983163
972158
983718
143825
964318
212816
092779
133565
111236
120570
019293
190647
989352
170307
160656
151330
959730
071033
109938
169417
113473
959307
011907
021207
099921
071352
050669
001249
062955
061356
190143
129562
094680
108541
129217
009171
952164
094292
084725
050941
152162
093681
079318
125496
142517
161212
953621
119644
129738
111979
103467
061161
089209
973809
102529
114376
051755
059890
990533
126140
210651
145375
089563
124212
116301
116028
130338
030948
054161
069860
130091
193098
973439
105826
952604
084540
971795
031531
819707
129059
969686
029087
190629
213312
116107
102186
172226
142562
191567
019071
173191
049080
103652
116231
161258
000656
011712
141411
083074
062849
119926
999173
093796
143525
111402
135836
150482
153107
161858
106298
182611
124415
182920
191328
203960
210545
119635
021746
110343
042581
149229
109965
119892
125123
116161
162927
160692
163131
115602
093293
021834
962338
059069
193177
113094
085600
114127
180216
143119
080817
930136
084965
041907
020138
170237
102962
065485
064140
042032
073474
991250
102210
062885
069709
095528
981068
141096
059545
062628
100221
121897
120746
982695
084910
191063
088060
090375
119671
031019
131230
212243
145056
062133
083205
084770
080022
074313
105605
192196
128379
115957
121463
113686
059032
089069
131346
171005
183240
170325
133574
151860
190434
052427
820670
950193
112923
989634
063432
161585
119122
019405
009366
059227
069224
032867
170749
202412
142996
142299
093848
210881
193874
201574
191081
990897
190329
074119
133671
140167
132672
090339
084716
082409
084656
101750
062212
112183
144597
191160
212234
101390
130222
130259
213206
031392
170200
084470
069781
080086
139578
179016
109629
041925
201838
050183
051843
172483
080350
051298
180049
180058
061443
081252
100124
125141
130540
160046
981183
981077
172508
142387
052376
999331
132811
974835
065228
141679
121958
181842
202042
211599
141590
153416
939419
011042
161600
092479
073077
092203
102856
104572
110334
085442
170916
051289
040283
112687
160028
091489
100451
041943
183522
210563
142678
202200
203863
093469
075321
990118
131355
201617
002275
130028
104120
203032
091277
121427
170194
063857
201159
042518
082967
128254
128324
139523
124530
039011
191424
120773
012466
171342
135739
132432
143889
155496
140219
104014
049478
095643
011398
173049
099781
019080
106216
171720
094529
192839
201274
983860
202449
102662
211217
082330
110730
111448
031213
072960
042087
191319
105835
010140
122126
159262
059697
029360
108269
085594
114754
071916
942528
880721
030850
001973
171102
140449
084761
032937
125053
106173
072148
124203
161382
051216
183374
108453
182657
093035
001133
092267
153831
102422
909851
970220
000868
059615
069603
010159
110767
132017
193547
101857
100106
080156
069127
192732
130638
123301
122223
121066
991214
095846
082630
126501
078285
169205
081622
089120
081719
089139
990806
163459
190222
142208
122805
134591
060065
143604
121806
099560
839701
114551
094317
191637
120686
201529
191364
064098
133971
061310
049566
804062
105077
092885
120304
120613
201883
929573
152675
969119
959767
923312
982322
979706
001876
001391
981492
039242
143261
163565
150076
078063
075560
081313
079963
091231
085982
082603
170024
073765
094247
159492
173613
093248
101363
075039
029315
079954
969737
940257
172710
173395
213145
171890
098331
135924
210757
101963
143216
203484
088200
851836
173012
173021
172987
172996
173003
173030
060887
070061
132053
990833
128360
079936
211669
142492
203697
200936
122850
081377
042209
111306
210032
063202
095389
153356
103961
041758
063008
194088
123392
110246
088537
089536
819665
202907
879152
174154
211474
081773
183877
095237
104906
114279
089660
960685
051728
084822
181736
112623
114039
114985
115948
121109
122250
131858
133016
134291
135766
192690
193671
194334
050022
180622
181020
050650
092415
193953
203679
002327
103689
092391
981165
983048
075454
121912
085106
973120
062203
108339
119908
999604
104933
109992
074931
102759
118080
108296
108311
010865
974022
950139
990949
128263
085391
106146
962789
091595
091983
071855
114658
071228
070104
099551
193699
203351
071403
119856
116338
145569
201459
121524
122708
210306
060993
193892
119547
110167
021340
973139
042379
102317
190416
085036
101954
133399
135096
081173
101681
126731
009001
108578
049539
089872
069445
069649
079918
079972
089651
109586
099763
088176
099533
078328
108287
108550
108171
119838
079857
059809
108426
118105
118114
128272
128306
108587
119201
088167
078300
181949
181930
150534
153840
172156
172562
100373
113677
110837
119608
102025
191203
111679
201195
135748
191646
180870
154576
983288
190938
112483
073110
179131
200609
072633
210272
154585
200390
152799
069206
202246
050095
060869
030896
144860
211244
213118
141702
115708
212437
075242
113773
132327
200211
180182
129747
193265
180986
171411
111872
982959
082224
120977
170891
201510
971944
102971
171014
140670
114093
050192
211387
162593
115074
191558
190489
134643
095721
211826
104997
074076
201335
152471
191249
201635
853613
085673
086202
040140
090083
950572
032364
103721
951147
989500
999243
049450
953551
999252
959703
980193
980078
974110
913078
930181
012351
020580
022297
073905
081940
144833
099888
089236
049372
079875
049202
098543
039181
969395
039172
078503
969419
069851
069490
088528
084992
961717
074677
210536
912934
053357
141281
089388
152241
129332
135845
970990
093169
174011
133795
085788
170582
071449
972246
145384
201962
201971
201980
201999
202006
202015
080483
194255
125202
031577
070122
183629
212834
040908
103264
142031
050517
124424
060417
064565
080853
193856
043465
074968
079990
089702
116222
022588
972149
121224
071998
124497
991232
134097
092424
079363
202864
069312
102847
098368
029078
129641
062036
983154
070547
072890
040495
999589
059766
009523
116365
110882
050571
102104
101848
098570
182417
145278
170970
001081
063769
101496
120359
084046
920702
941256
012078
141881
161179
154521
219194
088389
069763
181612
964257
932831
064501
092628
049220
074261
183798
191867
191876
982419
040265
153761
069806
144490
079520
999207
992295
090648
099745
090171
090302
190365
183329
084610
191212
900339
075233
093811
991993
963276
922428
010362
000231
032188
070944
143977
152453
193422
191894
133317
104032
181002
172299
121118
074552
132035
101972
133459
081340
171184
108596
111960
141254
144145
085045
123886
103079
203951
052181
203545
120604
201768
061522
041546
060911
173261
108532
140689
128175
981553
170185
101875
939395
804636
150995
100549
050077
094265
992107
130647
124512
141633
140237
151694
072402
082020
084037
072784
125441
202846
201608
171827
141827
124715
134403
192593
103282
126089
092991
143400
119865
145320
041060
142101
162857
164307
150561
133477
202237
154594
114897
155487
143289
050410
113464
201953
193786
133186
171642
122648
080792
202643
141624
030639
114824
991269
164389
191619
115408
135005
063248
140103
170703
126034
135050
090010
144560
180331
060384
131715
170555
122569
029388
049405
999437
201131
115514
144763
101123
105244
111545
113067
090144
134398
135757
193016
143359
144897
145199
150234
153028
163892
171906
180225
192918
210475
212119
211687
125741
140573
190901
086099
021085
102565
191355
042236
194273
192026
105192
081359
193052
179140
200178
200820
190055
091461
200593
159508
061901
160268
092751
122578
062160
108375
113289
032779
163265
029236
105687
101839
061947
103670
210697
170449
151418
153868
143094
202325
153886
951905
105447
129396
010556
091213
163007
133140
131567
149201
149210
149247
149256
109831
052190
203642
130347
070759
181824
111254
072014
131830
129535
123170
092530
211410
134564
094892
114833
180437
101741
114649
121385
193795
113622
126344
110616
130383
030550
113904
053366
040704
090029
182505
125954
133944
134828
121542
193838
151533
064538
172086
133308
050880
144436
112447
126626
114048
122587
120261
114136
041307
101593
122726
110449
052815
042590
106128
061692
054046
142022
099297
125575
182717
103989
200954
132690
121084
123498
115648
122611
064856
120049
141563
105410
114260
119052
190674
102353
113507
971883
121490
120234
170873
041494
110237
143464
070962
103273
075057
120030
124355
135536
092124
101105
112905
151781
154300
155557
150100
103519
029518
973023
979788
084301
112765
160568
054028
164255
102644
130143
118035
061434
050208
081677
133953
140024
049017
112571
040186
980120
104209
194361
159165
172738
161391
116055
109204
941344
159174
980809
142632
085300
099612
991762
050738
190064
140634
089854
081243
151297
059457
131451
039445
106191
105905
111554
111854
113940
122887
190734
139514
085919
115065
126874
191503
202194
202528
090984
155035
109752
132787
112987
061761
141360
183301
209142
972712
093502
102477
082385
020871
070186
070971
080387
054198
085337
102801
104688
093778
090241
781273
153577
151621
144772
150182
126495
116416
989721
135411
114763
111863
153752
213330
212570
151481
019520
141784
140828
150728
154724
210739
112474
183601
124018
104041
133699
064583
059324
169384
032212
054000
049099
159226
128397
115199
173100
172410
112101
200441
059236
009311
022109
982191
971731
085803
029475
020271
064935
142880
130895
059245
010177
971777
119556
191973
961753
193317
061170
134494
043031
160416
160037
104581
162802
171545
022709
142605
099658
085072
173543
180146
083762
181039
144394
099709
964132
121481
081428
105535
141333
182499
151888
115417
102380
100328
032849
043410
152462
183577
992407
182984
181181
204031
154858
085415
100894
040617
095334
192441
191460
052781
182357
181667
182569
093275
040935
190983
043396
115841
094801
190347
140652
154328
105110
053241
171863
114454
180419
051119
111951
123134
106119
182162
172701
193380
181260
071864
071237
074243
203890
992461
983084
112792
030056
105314
153425
001867
001803
131751
011864
051561
134758
144579
129022
153286
130707
140661
940927
032179
134352
933328
031170
082481
163908
114349
042651
110430
104102
950818
102583
051225
180843
070917
992000
162627
072439
142323
171933
170837
134051
171397
121842
125681
012023
071882
040713
151718
202176
201025
145302
182278
201034
112465
192548
190877
211650
190595
191691
130198
083126
061629
193777
969791
141087
139339
973448
122296
149113
219051
213515
211156
134925
129387
123956
122869
120313
203023
092230
135854
135014
085521
155478
210766
126335
143640
212137
193501
213321
128111
163847
190286
120085
182675
212782
203157
115975
202519
200062
192327
203606
133344
130559
991171
001779
032497
019593
911883
091055
082145
064274
970114
000489
181206
075288
172271
213127
129783
110998
129669
106377
211208
991339
115850
210518
213481
210402
072951
212922
041873
210041
190204
182726
180368
141960
112410
203854
088237
071389
200220
092900
124830
070229
071024
173686
064999
022842
122841
069542
123947
122287
061240
082621
072988
150940
194449
120913
152657
093839
131549
122514
151358
141324
134907
154018
095291
069190
134864
142235
063080
193344
192178
022136
031268
040892
070326
072218
092724
095698
120146
120940
134800
140730
151312
160310
162293
180589
181806
190198
192496
110060
042475
010574
169348
193935
953781
160374
162080
170485
163353
191991
101520
102371
021419
092497
051525
030805
113377
123259
183761
019284
170564
190513
162875
170537
180234
164398
193653
182153
140088
152499
212368
201344
183347
183277
141315
160983
199153
191433
080783
123073
090480
151815
163926
143164
172492
160910
130277
134273
173243
123761
140149
073174
012818
114588
193201
151667
085249
094371
023010
192750
163786
162318
122135
163538
209063
200584
212400
142350
161090
134449
211978
183638
085018
149104
135475
105729
000286
212870
071307
070177
093802
081700
080183
072236
074216
084859
192202
200618
194291
143543
054073
150889
142305
151879
000707
981987
972873
982482
061665
150677
112774
152693
212164
964336
054392
091868
072227
150030
073369
200114
022242
212491
049548
989555
094722
104590
973720
191346
050129
051773
211710
134616
125820
083162
092637
092512
142262
090541
121967
209090
199117
150598
150604
163159
163168
161133
161081
183647
191497
959661
159208
111836
171615
079450
129129
193680
150021
133908
079681
052506
090799
101053
103352
033114
131558
042342
089748
972042
980572
051261
050710
052694
054452
054231
061938
062600
065158
062788
071060
071167
069727
075145
082579
091082
073710
086150
091073
162787
009578
134370
160286
182065
201210
192681
150395
213418
112862
203997
212085
163917
121727
123338
120852
092433
121172
083805
120834
129013
050456
989582
122532
104563
085900
090311
112235
112429
109568
109559
083250
079884
124691
072139
982516
022349
091240
125284
001585
202925
153170
119680
150861
126353
119999
961957
050978
194343
040635
121376
133486
072263
153901
000929
020996
075075
108611
130716
091143
021613
133608
193362
212791
070070
135572
129280
101354
074755
049248
130125
131488
115180
125405
123716
111111
118062
931823
191072
202370
129110
201186
140607
020378
150298
021570
083278
989412
094883
891658
112641
134625
104988
182799
192566
181394
094043
125927
129429
162044
173491
130789
109416
109425
104554
193399
202430
991417
972403
212552
182453
930772
129650
979567
211899
119699
933300
949142
983206
090384
052994
991375
071776
171509
118178
065112
170158
049239
211456
114667
101981
109198
115762
153443
111493
104281
142438
113668
125705
120067
114709
128245
160055
140291
153434
202112
971201
022436
131090
212543
131876
112147
190392
141606
202060
160707
194097
029184
071316
053514
074359
070865
101511
201007
191382
108001
193371
191664
071219
085424
130595
114181
210209
913005
953084
010617
009444
879073
151367
063927
951059
021313
042166
059518
106058
111720
124812
125732
126431
123692
124406
131063
132469
139065
829353
092249
114603
140255
144806
153392
162820
171448
173304
062460
212340
139550
190965
191849
200714
140325
979779
183231
144912
110537
201495
135563
010201
974687
000365
973087
129483
128139
109983
081791
102495
128184
125248
203784
144048
023083
029050
110591
064510
070274
109895
100576
200502
085751
090780
974756
105253
109674
099754
149283
083939
989361
141554
078521
131594
051695
053948
150252
160901
200866
100628
108348
913050
129165
190752
093196
970520
102098
063441
173386
119935
163229
065282
204156
201592
142571
002469
182735
053199
082215
124751
942785
031868
123055
173695
144057
192848
002432
091028
105059
093257
982464
120791
962895
991001
912307
160610
020571
128193
862957
193061
049618
153683
191124
082066
125220
092373
084831
115375
981004
100812
132196
100179
081525
090578
090744
854163
204077
021668
164749
114472
070308
053153
981899
032706
981899
150719
991223
064592
126247
010034
030296
140467
989730
153743
129156
204086
949249
069754
093363
123152
159271
155450
130037
089793
129138
999419
971926
051825
115302
999304
078276
193468
133404
200884
974774
032258
052154
981314
053684
131081
131433
129305
128333
152153
174075
211632
183692
193510
142508
143737
041934
908085
011458
050792
091665
032027
131391
190716
121057
113659
192275
182532
082463
125645
064883
142696
142526
122832
192866
093972
135139
153452
162769
141102
054504
132520
153522
144321
144330
105862
001928
173270
131442
173728
012688
182480
131460
062724
143076
122771
124628
104388
001328
012475
020738
116073
141766
012784
142932
021977
104979
021270
142950
142396
212889
069551
079820
150128
072748
150746
080208
089041
089032
082002
128069
141050
173782
081589
128351
113898
113455
150094
129729
113491
053462
123577
106359
100928
210702
799518
913120
103607
082242
202273
174172
191576
201468
213154
109577
084629
169287
990163
159350
010380
990066
108602
144093
181781
144020
183338
086266
073599
141818
141775
169135
110819
065500
105101
070926
082851
099727
181011
010740
114436
100619
202389
141466
971529
121903
199038
210087
054277
122065
120076
135509
108666
992886
122902
141988
152010
059739
212959
110485
213242
091189
981650
030753
173719
180252
180261
963142
181542
182205
182993
132381
191682
193431
182001
071398
183716
095006
200372
210184
213303
953039
200099
210069
201759
202546
210050
202555
203411
219176
992204
219219
213394
212995
200787
201326
212076
210793
203827
143368
180773
952719
212604
213048
078382
211871
212516
124655
022745
189095
199126
970150
199001
134989
199135
974899
164121
134246
125062
132390
135720
141711
019099
140228
143225
150419
151445
213163
042890
211774
063848
210784
124346
099463
212331
210096
213472
020932
030092
031683
121215
112262
023038
072360
078054
210342
920563
111702
069667
999507
164794
999561
089148
999543
009480
999525
999552
009499
081977
059563
213524
892348
094034
012484
115666
192884
001197
073914
059679
142923
171333
172013
180977
152541
161830
151109
133810
170661
142747
140042
132557
969543
122499
990515
100054
930409
002008
959689
099145
133529
170689
201917
142808
190813
091091
173164
192318
155248
170643
200663
183134
181921
202158
092018
213020
190073
193477
192618
164291
111078
190259
182957
212304
131106
171439
134698
191530
193865
170361
191337
163883
064971
150668
079327
170246
163098
141872
001160
042281
180464
081931
075445
080844
040671
069145
129465
161249
104960
152001
150589
181472
182805
211853
193908
163292
193440
200423
163495
170389
201671
050969
123000
141388
213251
201070
201052
050323
162196
155566
160107
091859
200511
931771
126592
053523
910187
050253
912573
199162
969782
074322
189068
950563
121976
099736
101202
199171
199056
131760
032285
112678
063654
209009
991841
030684
212473
213454
170758
970372
211280
211641
213551
209081
090162
213542
192220
163680
200496
193229
141236
140703
131424
049487
180640
145092
171606
113746
210890
074640
169074
172571
073969
081207
085319
210351
100424
142369
191479
013401
900832
910105
109489
128315
094335
102486
104457
113852
131655
131646
141397
171793
102043
870203
071625
135175
130107
130189
091638
032900
172314
032530
123037
133210
039136
199010
042184
079469
172871
084170
064459
980924
989112
040070
022163
152205
980757
071907
982764
128236
022994
212677
212807
160204
162336
101936
104360
132769
192645
151349
050401
080429
112369
050614
050396
135933
202952
122735
080147
982604
983649
901798
992434
932198
000743
141148
105271
136013
105280
106261
111388
116134
112978
110103
115056
112605
120491
121790
123329
121649
124867
133501
140158
108232
140476
170934
064052
141023
124045
970787
979054
749911
104050
040574
001664
160822
182708
182269
201061
130577
000107
126265
171457
200769
094786
063714
164421
063196
202712
143298
106252
122550
039454
200893
942219
953093
190831
871017
201201
953136
050280
940705
102468
190019
193034
139135
020280
080031
071970
115717
172387
115920
069815
119098
125714
159410
142544
143085
190152
140721
989325
870503
972079
141041
108569
103361
130470
909921
200123
193353
061268
963706
112599
031416
072590
065130
983242
973906
011855
963036
919830
962965
990445
203536
980342
171175
200318
060920
079099
123407
021940
974508
211553
211562
081631
210606
219200
211571
212182
212482
123540
009144
160804
115296
959485
065103
105369
118202
170398
181233
162548
171157
084347
111148
154760
099490
125520
131497
150437
115092
122108
121763
132008
133892
081012
134228
132981
200132
111606
060602
193335
075597
000091
103412
039394
059554
210854
053832
890094
201256
201265
079893
100664
021455
136095
130568
101732
093741
074995
050899
002502
053296
010856
085364
210254
041194
092733
022251
134255
072536
070501
062355
031134
032715
150049
112701
140412
131919
134361
209106
134855
140421
135263
153407
153461
153798
154009
155132
155141
123965
080262
062081
144921
152278
151472
172835
144075
161319
194546
160504
180322
130601
155511
100530
133468
110097
144976
970487
152214
971847
125239
145232
101487
181481
154567
101017
151524
211022
118099
125080
094238
109956
970866
150491
161619
143067
095712
133680
180243
120207
203651
100285
124258
164185
120889
110370
111942
140051
122920
124142
134819
073571
092355
085964
162645
134033
135545
145010
129687
172580
130761
129696
139199
142244
142687
141245
203775
140582
163583
090569
150898
211844
085133
202130
085830
053375
121588
102944
120968
120700
132954
121694
075436
074304
072642
071643
085760
061789
151321
114851
094838
098313
135209
083153
203881
132309
145065
134264
170882
162354
191451
190443
210827
084392
142535
152065
170264
152074
194024
144066
164316
161724
161733
161742
161751
161760
161779
171679
052330
069579
173182
022020
039418
040061
152505
163999
110325
161900
201292
963133
191133
123901
103149
153204
095264
102699
193308
020095
019187
121093
153310
144224
200363
151242
131894
050305
172235
083357
049318
030205
201644
144385
212386
155239
125432
082163
145038
194033
990454
980166
090250
173940
162123
114057
162848
191812
082676
133865
119617
099676
124433
171915
064195
144127
059448
154830
071458
098304
942794
063936
125363
078294
134389
050987
104411
161646
083726
189138
134998
123046
090223
219185
020914
931171
193486
124267
021931
210615
213409
982755
063062
950096
121454
082288
152514
119007
070098
063593
140194
159059
971034
132945
069330
099481
070768
083771
100742
100258
149177
022772
829510
078267
152171
990215
192469
194103
193413
203388
203227
201098
200141
074067
204013
064662
183259
193722
084956
031965
135245
108657
201177
041412
144418
201104
193704
105871
203809
132141
009092
119283
143719
202891
202282
085549
102574
052824
203272
212589
991074
213011
210457
092619
074959
010662
060375
119874
189129
009269
969631
979691
115939
059633
030269
078036
099994
049336
989776
960879
049520
080599
145144
084143
022127
180534
121515
092081
140794
101609
144215
064777
059651
049645
173482
959103
013378
073447
051995
093105
042420
051782
104536
080341
113182
130831
113340
923093
113386
001319
130877
981438
982931
942519
023001
134088
128078
009296
011149
091286
091198
042572
183434
160586
104342
091822
989607
183028
210397
120216
073086
912907
113534
051164
032300
031434
202088
013410
982968
211808
133283
113589
151172
125654
142978
071819
011828
021322
092106
939386
149195
155187
939270
030823
980315
072581
171881
219079
939491
155548
013341
125690
092346
969659
989430
929846
969640
070089
963018
114727
140785
101275
084356
140776
114330
063681
060939
081003
141572
031064
010999
020687
981086
092867
001955
124955
119265
949373
981580
969464
155275
182693
961241
190804
095573
083348
191946
010777
113225
154803
211526
212931
982816
180746
212986
201935
013174
095398
133556
183813
173119
153347
109595
125796
064547
071370
190974
144260
041079
020729
013147
051861
979497
085894
092406
971713
022685
193731
901383
013369
921192
094098
969570
078212
080314
172623
172899
093548
063044
141402
974701
111739
060287
110891
143049
728503
758151
819725
728512
738389
169010
169029
109683
031559
962277
084461
051368
078230
029102
108620
109789
078479
989712
020323
041006
072324
083675
160470
101672
190531
074852
021659
150570
173446
181330
182426
181815
069685
071042
032197
210979
144621
992804
023135
172192
115657
145666
130674
150216
032337
033035
131982
173400
173977
114958
136068
002169
860589
990127
093857
170776
131900
154733
100045
150243
073192
094256
002520
102404
095015
102777
084929
103167
002202
940469
180289
042457
071616
073669
072102
099842
190859
102704
053083
072120
081686
080447
990321
144206
130859
163856
135942
942060
912112
943193
110555
154549
109259
112580
982659
012342
192875
164237
180094
009569
134794
163034
088421
930394
119016
085188
969270
019539
210315
114860
212030
963724
120455
093672
130073
179159
079802
054116
163953
921517
002390
043438
043022
061213
084638
105438
095537
080217
123295
040644
211401
083611
093202
142969
200187
090814
116259
094926
180686
151994
062221
190213
193626
092142
160947
064168
182541
065149
130443
982746
074464
161567
203069
134334
131628
132723
202564
091798
193962
013314
118257
963460
962840
973924
974438
133413
180668
219088
203590
209151
202343
203148
074516
079796
071421
114772
073508
030171
079017
103200
913379
171979
172280
119159
123734
123743
123443
122453
072845
094486
063053
075630
065494
203402
090499
071989
063502
170097
211040
080696
101618
122596
910202
963197
009348
170421
051304
135351
990815
069279
052358
190638
062830
130725
152939
072032
199047
999225
173677
129244
953463
202051
061116
022011
075224
104854
194412
136101
101796
183213
074728
120331
104915
120622
201722
201140
150304
124027
180852
131521
100797
104633
949009
979018
992965
021400
990994
050110
181790
170051
099075
109028
132681
164582
142147
169047
122480
202800
083047
120058
908030
919779
908049
999395
145205
144279
145717
144288
145726
144297
145214
144303
145735
144427
145744
145357
145426
151206
145435
151215
145444
151224
145453
151930
145462
151976
145471
151985
151921
145753
151427
145799
151436
145832
151745
145841
151842
151075
151949
151084
152366
153125
152375
153116
152602
153134
152611
153143
152620
153152
152639
153161
154406
155293
154637
155309
154900
155318
155062
155327
155105
155336
155114
155345
162211
161337
162220
160859
162239
160868
162248
160877
162257
160886
162266
160895
919760
929758
929767
929776
929785
929794
929800
929819
071925
154451
105747
202916
083902
141720
102016
091743
010016
120252
135236
101945
029041
101990
102007
182302
011961
151506
161558
171484
170403
153383
032521
170952
123638
133362
132062
154655
154867
162178
189040
143940
144815
112508
104466
173067
212904
183540
119962
939543
990251
990842
129474
141290
180922
100382
150913
130365
140564
191045
075066
080701
084091
090278
191585
052515
091222
150631
102608
069118
123434
130374
213136
193292
081076
160277
099279
111651
116091
054189
151066
150428
140819
132123
102440
054425
161812
160577
143100
109452
110015
140273
020650
200681
060214
073235
125802
145578
114020
162202
190683
160489
155414
085460
164555
202494
123425
118220
115462
126380
140591
150207
151542
142138
170467
049414
084947
050783
202264
083038
204095
201777
172978
991010
991657
992143
161460
143613
899899
879638
961499
870937
113270
122199
133547
171784
171697
093787
172332
171360
101645
093584
201113
049496
099772
119274
154894
145639
161706
163838
154054
121472
143021
073004
113816
104448
115523
139171
145611
161497
192423
119292
143898
191964
193025
139180
109231
145648
154090
160965
150067
155363
163662
990224
190295
102883
090611
043280
155520
210193
219024
002405
192187
084877
105156
053505
210942
164652
212534
074340
126510
075612
201089
201795
092803
050262
929689
012606
009550
212695
000716
982270
019318
141111
132414
039490
104748
212298
211378
200293
200796
080174
193043
092063
064838
194130
063496
063866
099524
101584
190116
114163
180677
082897
062151
073544
129571
091947
182348
000416
049502
049469
140767
159465
143598
123356
145311
193140
092036
093141
089679
063478
139126
209197
149274
989591
990181
090596
180386
949415
949391
170494
030505
103855
133353
133371
135342
142174
129580
054268
063732
970511
062027
109734
084647
010713
170730
082260
112129
082879
880158
160301
049423
989246
931144
190125
078460
019566
939437
152426
150807
190498
093432
112729
140015
123938
202882
124779
124788
203254
180359
180613
113437
180570
123929
050923
090805
182408
130268
051137
081904
079187
081289
085406
832001
021791
901725
032373
078373
088403
129544
163468
122435
125381
052233
190107
210572
169214
973563
979300
129410
219015
182250
110264
121075
085812
113516
114215
111351
161937
122675
115471
019336
211226
121709
154258
203457
171290
171306
001821
123082
192257
061638
203360
142623
081067
210960
161267
121667
130665
091725
971177
082912
118123
163371
095316
181454
104087
095882
181075
161849
040399
112456
063414
133801
011582
833716
860386
051207
072050
151454
041449
042333
210388
012854
063636
085451
020765
115223
183286
131319
000938
211678
155178
081746
142914
201786
022490
172969
203263
103776
134846
162884
082367
129040
100673
881315
881324
881333
881342
881351
172323
142941
126653
981244
111633
999622
959398
105808
212700
162169
094644
131991
922889
060948
213279
090726
021003
963391
022763
082930
009587
019627
172401
063566
130213
042351
145417
060205
070113
219097
122384
192741
103291
212464
969525
969598
979655
950509
032294
131619
063354
880042
041149
102838
182948
191937
920493
181551
090832
173861
162866
120516
083948
145269
074058
150119
079732
183531
135881
091761
011721
211031
105226
043156
190461
032009
160461
114002
063954
020086
101293
145339
116240
120922
125196
053878
154779
115832
126025
095670
123770
101381
870460
180128
116116
989316
070874
132705
031813
114921
139480
964645
101345
105844
110855
125866
111660
112535
121206
123629
126292
103730
200336
170370
090038
881906
210845
171836
173755
153601
182780
133662
081728
063723
200080
183743
181490
070431
120446
142447
105299
116522
019363
125150
124124
020174
213349
213358
131300
174084
160629
022506
072281
054286
070404
202943
182620
982898
114994
104193
133883
135951
050553
132502
124558
043174
042775
202573
040098
190504
061540
082472
160743
040699
173986
213427
115001
192309
124090
121127
091310
141642
075048
183752
142253
134652
114075
212968
142641
083375
081534
179201
203096
123789
970557
111809
143252
102917
001337
124876
022190
123383
129701
171111
075427
989103
164006
171554
132220
133431
123992
120173
105614
170121
194307
200963
209179
192150
192539
192080
191294
181093
192450
203757
180719
190356
203397
209124
170112
171193
219158
131258
201944
131267
105068
192990
132318
160116
032355
171688
141809
054338
083010
086071
078355
022658
132354
022806
101220
191151
181136
002478
074507
203766
173340
089023
920545
151833
961675
152180
159183
103873
093239
135979
001751
142701
070883
164352
830904
054152
062373
113525
104509
194282
142165
174127
095343
012563
020299
030532
020623
021598
031301
020244
000910
170255
062258
062803
052921
131188
131733
143686
172826
180100
052242
081234
061674
053471
981192
980906
095634
060296
981614
203218
116470
992383
190277
081270
144718
022206
180940
189031
164370
126210
203439
012281
031107
933179
982128
115435
154460
213694
115135
085742
932804
105650
203563
083911
070529
022824
110088
078197
118071
108180
079663
110970
164060
064865
084383
859671
922094
134421
182939
964478
101327
012933
213588
909976
112996
083639
063884
019105
125169
110776
193007
140519
013138
152056
010731
090126
133626
204110
012809
064413
002654
071325
071200
181754
090550
101150
182753
061965
110864
122339
121312
192954
193592
120561
163052
952598
162450
061416
101071
980032
210078
012757
105095
980590
073747
949115
062415
083841
959158
131328
131036
953367
095307
113986
989403
073562
101557
095449
080941
000019
083435
075524
159429
194500
941608
942661
151093
112323
080710
135360
095352
150377
102070
070247
192478
125787
954092
124442
060250
139541
852696
961269
073280
971308
020544
061286
154267
159456
171854
183568
022551
190407
060902
050853
051094
090887
091416
094052
094061
100830
100849
102547
103097
103130
104148
104157
104775
104784
105013
111005
085009
172553
144888
144190
039436
144233
125990
115153
130116
120137
091886
126926
098598
051622
120386
171572
081755
092197
162035
143534
134121
114976
039427
192211
171748
160073
105086
160356
083780
952889
108108
172101
101187
162511
154230
991869
152648
053957
075190
123374
143437
060108
079336
085258
203475
059096
150386
180561
159138
032885
019548
029333
080996
139153
020077
101284
069321
069242
092488
212659
043244
973388
983772
080101
104924
171209
105508
032894
971759
202121
191258
201122
110749
099427
094699
201801
182435
193644
094592
170846
031000
213490
209027
115878
122205
120898
134325
152144
162150
162705
155432
212067
961408
961393
982119
002309
010495
010547
022394
023171
030911
033105
031513
075551
085619
078258
083684
092319
093187
103449
095758
105323
105332
104439
123868
103316
111209
144181
010265
931357
114912
962498
098419
078451
029148
112826
954444
132714
139587
180604
073350
086284
094574
080756
032328
022312
201829
085715
063909
082454
162618
002105
092973
155026
892117
163210
180737
160143
145074
941829
131742
124249
133326
134282
132284
135184
151260
073040
064874
212613
078221
109019
075118
102713
999473
110282
053850
134412
082649
051428
059023
212100
091531
999400
212631
130886
992356
150270
099879
099418
124742
152523
191821
190522
133847
160443
172526
132802
114718
151279
050678
182771
074834
120100
133731
213288
112244
193926
113400
190895
060223
171960
098377
981599
052533
011370
128218
210748
970309
979530
932901
086044
021058
162954
032203
164273
020710
054019
000734
954357
065291
073535
161946
970099
095703
059827
093927
060753
110228
001285
132796
116143
150155
960039
118187
152117
052967
019654
030771
074889
073553
074668
021686
090348
091204
103703
202749
093690
052349
103176
031152
203915
010680
130416
059581
202634
103555
071767
104315
921378
193186
104263
070034
030435
078406
181251
063663
151118
094731
051904
085682
939359
173561
210245
183804
164088
959555
899826
929828
163404
950014
972689
142456
163362
164712
164015
164625
181427
182126
213597
143561
145602
151154
154628
155150
155593
161451
181515
059175
139453
191760
202652
203518
200478
139462
203924
149186
200487
193635
210711
211110
212003
212270
211756
069736
202421
159217
192557
193089
190886
102140
100876
203111
152780
201847
153568
202607
099630
084125
060083
151163
110800
052958
100788
061134
043095
962019
085230
130683
099579
105914
124733
041500
115639
090453
084286
084295
151376
161151
099851
121736
125584
102413
103476
126768
172183
093132
979594
144985
200990
059041
052454
053993
074225
054595
033141
054610
139223
129710
144649
192487
010953
971699
085585
113049
091046
920111
192654
111563
172447
134006
091329
002141
052860
069745
108499
083269
029096
049169
163935
103458
125487
880467
110219
728142
161521
081446
049327
115214
043059
073378
115532
111333
990888
129492
983533
153513
119034
213560
064344
031840
124682
192963
104397
010699
100821
093609
119713
204059
151560
163422
094422
122171
149308
095785
110079
078179
078249
132750
110398
029493
070292
101690
043299
050826
090684
093636
083708
922986
192723
128102
180552
135915
049284
140264
082445
972800
114621
889477
081419
940496
061770
983349
969700
105774
921492
991056
929494
088307
123586
123656
890904
890261
082824
099667
051322
201486
116125
111096
110625
132105
126477
102122
162936
098437
135793
050632
065060
010195
190161
021852
974401
144118
141757
032221
150791
150782
172165
179089
929749
010404
089615
010404
040926
182911
192981
060320
209018
950554
073950
089078
099385
103882
039084
051807
981774
181367
111102
152920
050031
130407
191628
142826
203988
163980
122408
200354
074298
193131
081737
095158
100946
143516
022427
081386
170712
090199
154919
182241
059863
089379
110467
098491
098534
203581
182902
183204
190374
182339
190046
191221
142378
172429
124221
100867
181409
131724
191655
203748
152339
164546
173791
094140
100637
073244
050605
153974
160338
171590
063672
164430
164246
200848
162566
142483
201704
171633
182975
143386
153877
181321
171402
191197
190743
192627
093875
179061
180700
154415
180904
140316
020535
102201
098012
952225
013217
001946
090762
202998
121824
943960
071943
181524
101414
933355
019150
191036
201865
032594
112110
001479
791561
032276
050765
093663
126722
059720
128290
089554
171766
069057
093820
108648
079575
192266
089272
109356
109338
079372
991047
990075
021137
125811
010168
109091
010608
113640
103255
082588
171660
064431
964141
002123
001212
130461
192972
125909
144163
161328
144879
091804
880334
161294
164149
191706
103998
999270
020332
100212
078337
013280
202167
134219
153504
135333
029527
078009
162741
162114
160498
163195
163308
172031
163801
213385
213612
213621
213630
210290
193768
981040
080747
151897
121048
193459
201874
140458
063169
191928
049654
181579
189004
120525
065449
943563
123347
071961
092258
963955
125354
971274
103925
123601
133704
118044
041555
972307
152038
193829
155211
161160
933751
951031
970654
001733
202097
073492
980988
153073
209045
970839
061383
910345
155609
210166
961966
059748
032585
181349
170430
135402
128209
125099
094704
104111
080129
182311
103042
115984
074525
072315
110412
191673
960136
050086
103846
105526
031082
120719
109610
135166
962198
080605
074100
080862
072351
073808
074473
073208
072615
101893
080396
080835
074128
095430
103864
095273
140282
172783
189013
123568
172844
981217
182666
183170
172614
121288
010025
051570
040238
059087
130152
121279
101502
132202
090911
110634
074977
080165
085706
095500
073614
142226
104290
126617
120640
093539
100991
201699
111924
189077
199029
199180
219042
219121
142599
083735
084743
143207
201556
143816
961162
159332
009471
969695
021128
155053
032549
070052
133098
111642
070838
132293
040229
081368
052745
163186
101211
162539
149317
053029
173668
089836
061055
999322
031116
049609
181288
181279
962513
043387
169223
169269
180473
041282
181772
022154
031910
082842
002441
102195
202185
180834
032682
161664
160522
183019
065042
150931
114358
152480
154142
064159
110389
080456
031356
030126
162372
193662
039472
203342
203005
203333
204138
204147
212094
212313
959616
942228
101026
113631
095033
032115
050932
213190
211483
213727
122375
143904
062742
110989
051359
929607
159280
170819
139144
002741
009532
062188
130286
089581
172438
151851
064731
060339
161682
130204
074386
030047
181588
954471
181851
173473
135493
941680
953409
136031
112068
124036
213093
182639
021395
901338
050438
072827
041670
201810
992601
164325
134185
134721
012827
032946
123198
083887
074030
143728
170616
992629
154442
982386
194564
134060
164334
142774
100585
042315
103006
155539
010962
079502
151057
162478
152384
153213
163043
170961
133856
126168
124373
130798
133422
052842
212598
131779
089845
144612
150543
099976
132927
115896
098270
150870
098604
059315
081216
082949
152666
042272
041625
098085
150400
094344
095194
170500
162778
155169
170458
051003
200035
162363
200857
060302
142429
183452
063548
053939
192414
051791
190082
040274
134730
116489
140060
192405
129774
200918
160601
123222
040380
072854
064786
152199
130910
160170
053841
050387
070043
194352
090948
150164
145541
983515
088430
000531
130295
142183
121815
126007
110042
142792
131503
125372
172641
174057
083744
112350
162723
153055
115499
095255
129447
040362
141032
150012
192390
990718
112756
121621
099985
099930
121260
960109
105429
890622
120534
083417
922525
125345
142710
973818
154821
074446
054329
124009
131203
130301
173173
152296
083620
012324
013022
962992
183116
120659
181597
940750
170476
183107
125778
115144
133274
073871
200202
031204
202361
171536
213215
161373
112669
082658
011670
100733
174039
051852
020031
132848
020341
151303
162099
960967
173094
952904
041467
010459
040583
181242
032090
190910
192787
200169
126565
201043
101884
999534
102935
913209
032319
063811
970672
083799
970672
219167
980272
122302
052279
050905
090975
152911
150446
021261
190665
100063
182384
181224
120377
190452
109813
075181
149025
132741
190577
183310
151649
150640
193538
069011
949337
983385
094999
108357
142853
132575
153498
021252
093423
072023
128227
152126
104651
132972
129401
084028
059906
193713
170519
902258
111933
173870
202961
203688
139471
130586
871811
041200
094874
171988
062760
020401
954480
082815
012411
053648
051507
052560
053339
053587
151136
151127
114154
132211
880051
173622
001151
768088
143922
033026
133874
112969
053205
121436
200026
090135
151409
200741
169320
203139
219228
201431
201440
154081
161442
145135
169056
122984
162909
145514
210581
201238
169232
082154
170721
100512
202458
144949
182056
183268
183683
181560
170607
144967
200972
201740
210720
201317
212146
203720
212225
154885
155469
211271
124072
180021
143395
161821
160082
163440
125663
133335
160929
106313
202661
142669
135775
193971
113755
164476
143146
143677
212561
211438
110758
144709
210509
105756
000356
094565
169065
181376
190947
182287
109000
109037
094740
116198
072379
139010
159095
159022
169001
139038
159031
159438
080914
159086
159447
211314
212428
212216
212898
104739
054064
839696
879577
781282
109470
109213
153859
135379
202689
163140
049593
190383
083171
192248
164494
073632
021561
194246
203942
194149
194176
200150
110952
120128
104679
132275
131928
134952
140185
141660
142871
150261
153338
163865
164403
203193
171120
171518
180659
180825
192609
193122
060047
943775
081191
074482
073844
082297
075260
075279
075621
080526
111988
121579
121560
111997
086275
090408
090896
091425
074700
074898
074191
081552
094007
090993
091610
102326
103421
094440
084789
064801
070740
071130
072166
170334
122241
211701
823359
132336
059342
183461
155220
081225
121297
120507
101141
135988
060744
069718
064317
080013
931117
051719
154876
980069
125769
085063
079071
019248
133759
082806
083311
091498
091707
070699
051155
202291
119229
083029
051889
201538
202316
109064
083444
061152
114367
192636
145408
114612
021234
011916
030223
060984
065403
203845
040795
131849
170925
021331
172465
161355
031231
123877
135388
162963
132990
210102
134634
213057
099163
929882
200520
030108
053666
172110
123091
060762
083339
211253
921305
973484
173552
041712
020862
022385
072193
049044
150755
051067
922191
120182
116170
093705
170033
054213
063318
009435
130310
106164
952482
070371
952482
213649
171775
173419
193574
060471
201501
121754
210227
114011
212322
963479
074085
969764
192796
951332
139311
111032
029397
200469
123647
104863
193195
132372
150622
163283
970893
139320
139302
139296
990418
151039
961993
131797
115735
210527
179070
052790
114903
131133
172262
071149
920748
112817
181745
089697
101035
082349
101450
932116
211332
943324
032691
960612
152896
139029
106094
173516
019354
040962
115966
130734
119829
809331
829371
699873
104245
191054
182878
110176
160329
183513
132857
082667
089245
140500
089254
192114
163556
172544
190338
093080
091356
125502
065194
130504
070477
171563
121949
085054
094274
120289
123725
064704
182762
154045
101909
101918
159244
112208
154797
104254
101044
103228
159253
181533
111050
110794
111748
159235
091974
080508
082903
174118
182171
173298
085628
086123
180959
194264
093381
120782
102953
113543
072872
071015
072457
060453
164158
164564
133999
115780
079848
182296
081507
201908
073774
113700
049627
049636
114145
970972
030878
171651
100691
144903
071103
125132
114597
200875
141120
182602
082181
042254
106304
130489
203448
104836
125548
130425
121718
190656
075215
098473
059711
141457
072979
172687
051700
171272
179113
171281
210439
171872
103661
112544
991366
105641
111218
164500
073526
120589
193274
202149
105562
192432
193801
065352
933451
950078
211174
962347
193326
193759
961850
213002
983436
200539
153365
200557
203660
105969
213367
084513
080244
212525
052011
054055
061082
150922
064104
053223
203315
010326
200071
201626
133025
125539
163510
072041
151772
161885
050059
992134
154285
154188
160789
190134
108241
983551
172095
979637
069409
059439
122780
049390
183416
199065
098482
150191
210111
170546
049211
088485
212913
120243
074368
209160
042679
191830
134573
164361
069533
119025
088088
100751
069109
052949
129808
129792
112271
098507
142156
190586
105571
135193
201680
123365
992189
070999
129077
142987
191391
113395
192672
974650
002220
213376
153595
202228
973148
133980
122311
115620
075409
140112
121921
132114
125187
030366
190268
092179
213297
992286
133104
181057
173764
032081
183470
053056
150737
211738
141218
000434
163962
213603
949488
143755
088458
190822
115993
981235
991823
091752
172605
200672
049575
069154
991975
143746
991666
030975
072493
088546
090320
000383
149335
040874
009393
202467
080040
104236
053499
041730
180313
151958
170767
194537
088467
194421
102034
120021
080932
059836
053869
051313
032045
078188
109383
091295
031752
091064
129438
161549
079293
133617
042306
140097
990436
151288
990436
151288
172369
093884
180764
199199
100594
119883
140485
072175
210818
170698
092054
075084
102671
212021
212289
010186
010529
992301
193529
930542
141439
141420
190568
190559
181649
180446
182047
075127
022463
080253
021428
182214
940811
992656
981687
181154
698070
094195
041097
145348
152957
155266
139499
112438
143003
983542
090232
738398
170273
150225
162327
114815
190091
201308
114736
099084
814854
210324
160798
122717
135784
159341
203120
859662
989758
113322
059845
049511
149326
144851
052367
069897
039154
049062
059120
180030
049071
059536
991514
172456
991065
982298
113261
103970
210933
971935
043110
200275
191300
072111
043138
093309
981765
072818
163016
021368
211235
952816
051613
140758
121930
108480
181312
169199
900939
115902
211350
181463
974535
000082
030841
041882
060199
131072
129678
972421
190189
145287
203509
111688
211914
032724
041989
153198
039367
093750
095282
085955
072411
142341
091301
131937
150686
132187
122083
093866
103024
134607
092982
112095
115744
126229
130629
211605
193070
161628
154664
991902
170785
091656
951022
065051
970248
071800
088051
075603
129299
142059
211996
161415
162345
126371
213233
129817
129826
129835
129844
129853
129862
129871
129880
129899
129905
129914
129923
129932
129941
129950
129969
129978
129987
129996
128005
128014
128023
128032
128041
062328
210688
092655
190601
089572
052251
051968
079257
171388
012457
041024
041219
122878
172914
040195
121506
021843
102229
124054
074622
115117
063141
050369
042102
113570
090117
124991
040768
053302
085885
194467
103485
154812
064829
130610
191018
203702
154319
063750
001982
104005
090065
174163
201404
181976
203818
181985
204068
183868
211129
200839
204174
172396
201399
200909
212395
191521
098359
141933
105129
953349
072005
160725
002363
212012
973536
092337
080623
200690
190707
030708
979406
031259
192575
020110
151790
172923
140343
042845
211729
962000
942042
098561
041291
960533
030083
173216
132909
203615
173604
943518
191955
059606
080650
072720
142068
142077
970035
000692
132884
974271
109116
152684
940520
139117
000761
032803
152966
081395
040159
120695
983394
122047
201565
123019
124900
120764
970981
084752
095555
131664
970266
050474
200405
981701
144930
121533
133043
144109
083287
101336
211747
212755
113764
079705
173959
171475
180270
114321
190037
139408
173225
060896
164200
200778
030675
183443
180067
900162
020678
042096
091452
111572
062637
171739
130452
042784
099020
191115
051959
053444
098516
172765
161188
009074
982977
108250
130743
115010
180913
040292
053135
979258
116286
929670
092946
131364
084019
084161
088334
180119
126538
133722
042545
091037
042988
213224
124319
062928
152135
152320
152550
152869
152814
152878
140961
141527
141536
141545
140970
140989
140998
141005
141014
141493
141509
141518
011494
071467
980739
020899
125566
169393
125266
974641
092151
172378
122117
160259
171254
162732
172022
108144
132778
126201
203379
213260
151251
154249
119574
173852
170103
154788
179034
211086
211835
135997
040917
161637
083666
094399
134873
075330
909790
202970
089184
064113
092009
105517
961684
991850
190301
180631
020068
051986
193238
213709
991287
020756
012766
110828
064177
203872
083462
099603
108223
099597
088015
079593
089688
098021
078151
085637
079636
119795
091540
211862
210281
123277
061125
060780
122620
093511
121409
072757
969340
133510
099066
163104
973979
111527
091338
122666
154849
129253
149098
149122
949442
950111
950032
979142
074419
170130
065334
144454
210554
141615
095916
085081
089484
052163
075463
019496
088097
021216
149061
139074
169408
050483
095625
962938
970239
992831
203245
021225
083657
084082
190028
170149
032655
108462
101405
200450
070935
172932
149159
110024
042014
110643
152578
111342
091770
172040
130498
194398
193404
880689
153259
191919
192071
194042
201413
202024
105880
019196
169250
088412
169241
078415
989334
139417
128096
139444
128087
129765
139426
139435
129756
108162
192769
100433
164643
162972
108302
970187
191512
961505
960763
943484
959255
902433
039481
100406
084674
030241
992470
174048
913193
169126
962259
204129
989167
212719
173252
179186
135120
091601
153540
972412
145393
155354
173700
011264
134776
911644
203466
030541
120094
051252
019469
072997
064608
040865
052020
079566
961435
969058
920711
134934
091929
136004
110194
123531
071006
030648
084886
135527
130770
134112
126856
103943
150613
122799
151676
092160
010795
100503
050774
135281
144358
962329
211614
102680
126486
141906
112808
022118
093487
111439
152735
132071
133292
160992
161364
163380
164264
171315
173913
180455
181066
201583
202730
100724
163501
211941
145620
203420
210148
210420
132266
210379
130329
122762
203324
212737
092585
059254
012263
040016
173659
200705
100267
890191
083302
085285
059050
063211
039349
125071
074904
079239
084498
099224
102265
109222
089193
079309
021182
021164
122010
103828
002663
051049
103325
119980
109974
069842
073226
202033
128281
219006
190761
116665
971362
171466
173428
180695
150959
114745
181506
112941
160770
132099
193247
200248
171581
063423
149238
105235
114879
192062
172244
144463
121358
982677
070810
164024
013077
131637
063875
183295
131867
173322
212728
059775
942361
182074
969437
130161
124885
202398
122541
152850
152841
170652
042702
030117
112004
142580
160295
143552
051659
070025
162008
098386
050508
109513
160813
160595
050217
140200
183091
105040
139348
159156
164449
149140
159077
139162
159129
139357
163399
159101
162390
159192
152975
153559
140643
144154
142110
040043
142280
200017
160683
151603
200750
173773
069912
114579
960897
960312
211623
029466
912458
071185
108320
212049
141175
141845
073687
061992
191027
180340
172535
183407
140616
950581
074094
011228
049257
040556
081128
930427
050341
085479
990260
050696
118053
879568
059102
064362
053010
115684
141688
020492
080110
051552
064380
071934
910954
079584
119971
071537
051085
970802
989264
150340
115911
059466
030744
032964
140625
869474
992116
020156
009541
102292
971892
850042
074377
098400
910284
161488
160831
100081
019618
001715
095121
129086
062072
071097
095130
051058
900426
062230
000329
031037
902937
209115
120904
095794
103749
072209
150473
075303
101627
952677
140749
073095
101820
062715
161876
080826
079645
930472
040326
193104
041652
211429
109329
132257
128342
051491
071334
210872
112396
102810
191885
104078
990597
062090
970363
094122
201247
211323
183392
922173
191179
960603
862666
862850
900780
203906
982137
152948
190992
061000
073429
031091
063690
074922
032151
210333
982598
989194
102177
098340
983445
119070
085355
910520
899808
961278
954083
953330
942776
212977
090269
042360
942758
201713
200414
933691
941662
922746
900171
912916
881148
871857
191724
111087
202855
091019
130240
111518
131124
092133
105701
112299
095582
203209
144515
054513
102283
094829
012979
060144
085821
099127
032637
115205
111697
124567
130019
114542
120012
112226
899687
114251
090357
104881
890719
052833
053984
012697
111263
169038
212825
083480
954029
960279
132820
174109
144994
212377
113191
063178
011467
974429
940802
039020
911731
210120
202794
962301
182523
953649
981095
194389
142729
112950
094908
022903
002593
134943
042915
070538
054443
160222
203236
124849
132866
150322
106049
201168
912500
120825
092955
151463
151630
142314
085212
031610
892144
902027
983888
142650
072388
126704
116610
141748
111845
113304
123470
132636
181048
921899
002575
011343
079123
133838
164033
200802
132618
123161
190310
983815
083753
950775
102256
141890
211165
154646
170352
095200
094413
962522
962531
962540
962559
962568
962577
962586
962595
123125
930967
951669
091522
010704
099685
921401
103051
000055
939076
174093
134537
049187
042615
202819
082057
060480
203102
183489
103564
086257
064671
932886
022815
161655
143128
203290
204101
181084
060717
123268
133644
102926
154106
172208
093026
123143
071758
061204
145771
153240
100346
030302
041634
111360
173234
021782
952234
152984
202103
200811
070238
103934
979724
071088
078424
042484
213579
181860
061707
139505
210263
173889
119731
183000
075358
131706
194167
142217
144754
211447
910017
069093
002132
134528
899526
059193
059139
990542
211369
042139
091965
209188
209133
950915
100276
012209
082736
116268
093284
029245
135809
078442
102113
182117
210139
210157
029069
049123
089739
080808
132178
062521
083648
132169
134103
135041
084134
029420
116037
139532
119043
172756
001637
069303
140389
200566
002681
020147
011989
013031
072333
074534
040847
031347
213109
154221
200575
202616
041246
125178
010468
073059
153638
202625
104793
126317
130956
105599
106289
094104
078497
010759
982686
098428
072606
124619
054383
060693
154151
191488
191009
113252
982570
963715
021146
011882
059263
999164
049275
089711
179195
212640
202989
125026
099949
080095
183125
163713
180377
939525
141069
113959
093723
013013
191788
853446
001433
111041
119740
131406
010070
134467
151048
191106
861321
130804
943915
852710
891039
180968
001009
143428
122823
032628
101062
941574
114233
999613
099242
160152
120543
173377
180400
973942
979479
100036
141915
075312
992910
210484
041819
211095
110273
082075
191900
123974
090823
080235
213075
102722
190692
114533
144472
080192
153231
160647
164591
171493
181297
182232
182083
180516
983463
073650
980397
193583
180931
183189
191406
194403
202476
211004
211013
092503
181385
059624
124115
069367
079778
069358
059333
059351
069349
059388
059397
059360
060117
050996
144736
091938
194121
122753
098234
098225
089166
029411
126468
111536
159147
032346
070256
094113
040113
086053
062797
074686
053126
075418
122056
100203
212455
073217
071837
102238
143986
203527
040731
126740
043474
191415
170228
072679
160938
151515
092646
981747
103537
139092
092364
211183
105147
163671
059872
910132
930709
923020
992329
974217
203793
133380
100188
091365
103307
145499
102501
170634
201547
073262
093566
171218
140176
135633
182832
182841
190956
129271
202721
081782
094865
172147
160531
101114
061407
194476
078433
059915
102274
151912
202670
070662
202255
119786
954241
053074
161928
095925
065316
032160
099181
213463
999313
170219
090920
103343
091629
073183
053532
170060
049114
171236
161503
155123
161919
163256
203087
081834
081085
112710
088519
071749
074155
081959
083693
085733
090471
091392
092576
094380
101469
940593
103758
113807
115771
063266
064061
064644
070353
088264
082358
052897
191600
219060
143377
140430
122074
124197
073253
054295
130752
039312
139205
103158
095730
111227
112077
154197
170573
161973
155017
183559
154928
182684
160452
160956
104711
051640
155257
155618
163274
050235
088500
153277
119238
092285
132566
022727
073623
091956
990472
212128
181727
109504
109498
161594
133061
124803
120164
078512
180525
190231
191276
192239
101866
974040
088494
902885
990603
981341
030199
099967
021437
115693
124821
210624
951077
150455
083550
116374
211923
171379
169144
012633
022145
963433
094795
141078
153725
963928
152083
951826
969030
969049
151551
192035
983579
081400
991444
001300
171420
171757
083144
059590
144790
139214
954426
144727
084586
074331
110316
152993
192927
092600
143155
181967
201892
192293
040538
081825
143419
152587
174002
061559
040883
211299
172217
163201
162839
134430
020817
032576
032830
039279
039118
059660
040344
991550
161576
973872
119953
171148
091716
110352
151490
012942
010510
041051
180298
160513
145657
093654
142862
920590
114242
099039
002099
181163
162811
021622
083471
054143
084895
101654
145153
154373
112914
000143
119195
130434
019575
211696
062009
098261
086062
213039
121321
070283
145162
181833
103767
212155
212746
069658
050950
098094
091107
073101
100715
111290
200053
110961
192099
981226
059881
073605
079511
085497
083896
123610
069506
116392
941274
932452
909667
960588
060639
921299
084374
203739
959528
971113
063123
151806
182320
972121
075385
060180
099649
081100
172862
171942
051455
100558
140033
082542
159378
099694
930533
159401
159387
959389
182514
171139
962374
095819
951110
154715
113021
941874
119777
154212
020369
109434
064070
201229
180861
122278
151736
154937
181145
182578
083814
943209
052709
971635
173207
210360
179098
116064
212207
991435
071476
092664
921095
084434
212686
079627
171263
962231
182462
116082
010089
129508
152047
000425
162405
022224
173640
880555
943218
200432
982331
211517
170528
093520
095652
100151
104324
144251
134661
211765
119186
123416
114312
190240
172174
941501
124160
059854
191549
029457
022790
980536
109531
159314
159323
092276
030311
124673
090639
211580
073165
962974
021386
011873
019202
020614
063284
104402
962055
991426
020978
032982
030232
983472
939377
094283
132026
169435
202873
201662
203493
203624
211783
211792
212764
212773
098322
108408
199144
118141
108523
108514
134194
081913
095749
162132
092212
049105
162575
212940
070556
032567
124081
031055
031629
943184
143700
021764
091734
173359
041185
110033
088316
098446
129031
212852
020941
032673
181172
154382
210642
932301
113234
932301
098395
082597
073156
042563
050429
052754
053693
191982
964414
113995
115126
172341
172350
990039
142332
123064
042148
114445
121136
051173
116425
064440
189110
110873
120870
083426
052288
078391
052288
000840
193944
860737
161300
953312
084577
071255
132363
181958
162105
202582
042697
160974
192284
154346
140352
960181
962170
203633
082860
108117
143807
032124
112341
194228
183055
032919
940220
950324
052303
122523
982861
972088
963081
011943
982400
040810
989661
072466
119113
064371
078045
012536
078142
070459
061329
108126
072702
049363
063469
079945
169375
102980
171624
141272
080687
152805
040786
193883
095060
086178
130046
084692
053902
112783
085867
100115
061277
012924
020387
054222
062646
053426
063839
169296
169302
140555
203933
961320
141739
180491
092442
210997
154115
053780
131373
059272
173825
162141
180173
172880
163317
190470
022472
181912
173507
041343
989643
129147
971671
098207
192705
192714
172792
182596
201856
210906
971962
010399
094962
010786
093017
181694
211950
080465
105305
053144
088158
124858
091992
200723
071430
162062
022694
104942
170412
050350
212843
963285
943263
969322
040565
135111
983676
922861
953736
002732
963009
060708
171924
002035
203281
110112
213084
133131
133201
200981
071176
143622
163326
728451
940487
120931
193810
163122
134024
890446
140403
182199
951350
211138
064089
080905
022542
088325
210411
081561
002423
921614
082490
083108
082754
083523
083092
084222
098164
098119
098128
098137
098146
098155
085267
085276
088024
083514
084213
098173
088079
062821
209036
094917
030587
052215
194158
090657
161433
123707
120755
070510
085328
053823
084116
054601
092928
961975
053117
050332
153707
104023
053278
095149
980915
104720
111509
990394
010565
053453
060393
061198
103015
180076
181358
081986
213445
193565
010908
964099
183674
194051
098182
040201
095361
183143
183365
098191
144376
064980
079714
085530
078364
113561
999598
104069
115171
191442
082958
114118
059306
154742
824084
002257
094510
101318
125593
043165
000629
112217
090939
210590
090869
012493
113419
170625
989698
969304
084938
113216
999516
085646
154179
171818
139366
182471
126159
150146
172669
151011
161054
078530
170282
075002
170291
169339
212058
069084
173843
174066
078488
202079
189147
169311
075163
069888
039463
211905
069790
180728
194316
193556
192811
201731
108384
139250
073271
173525
192820
104606
135615
941699
200257
133538
210988
152744
201353
191142
022676
182744
022303
013110
135218
086080
150552
112696
122426
124576
103582
141306
084055
126440
041130
053384
031470
123859
134767
143482
153189
162487
115675
079114
122320
123513
134149
211817
211077
959237
952243
109134
105456
064122
135651
062451
172678
124982
171023
132511
115611
141342
152717
161424
183665
171809
154433
123189
114109
125327
162469
160365
084840
120959
160840
160231
120428
164042
150289
182375
202403
201016
181109
110494
089439
173746
182887
163608
200266
135290
128050
120191
201477
164194
153329
000046
154691
130531
180395
942033
144506
180507
919706
078081
089979
078124
078133
072563
180137
160638
060135
163113
182223
181603
099506
061504
974129
980111
981401
982359
983303
990358
991162
992019
992522
000804
000295
002080
011006
011846
010256
012679
001549
211192
074746
083823
112040
144694
192132
100479
120482
162557
144481
109822
880519
971371
120552
121394
132627
071952
192017
991708
150173
200105
130392
030135
120419
134749
134882
173437
181215
193159
120298
152287
192857
000895
072711
142040
151612
153586
040177
100072
940893
002345
000568
011519
999570
012402
069463
093178
949300
822410
952695
132423
181763
213658
063327
212419
190725
022454
090287
940026
972316
080401
130231
072096
083366
050299
125035
202591
200044
154424
160240
193168
082011
849531
010592
111466
001230
149016
212507
090771
100319
098003
950633
032512
110564
990976
029509
102908
119847
002062
070380
031295
093123
103785
082436
070422
075020
125017
211147
192520
119529
211101
969677
085179
939534
901461
129323
169366
913023
891057
962286
121367
190170
103246
013271
171711
110582
210236
093372
959403
051870
989767
164219
012615
059166
960481
061974
960481
160161
183586
099251
172950
115269
970690
980388
103643
041582
110573
923297
092188
053602
953066
962028
960093
100803
973236
075658
073022
078160
072184
065219
061259
121676
980775
103625
150834
134916
972703
108278
124133
974580
041361
091910
100460
070777
083117
154294
092673
160019
161715
211465
079275
122153
133768
019169
135906
992489
160734
073129
108471
012988
990206
132839
212668
140361
140528
139108
115083
000647
941016
961911
074234
982058
990330
090505
933319
964502
161530
092594
989097
084568
064131
952843
131221
062197
155202
971547
164343
124760
100300
142553
183504
109804
963090
964293
980872
982085
949258
949267
009278
009287
020950
021552
063557
072087
080410
211059
211341
053887
053896
124521
131512
093441
052312
060348
042924
052093
163070
111184
109601
173816
140370
091831
143791
210448
082427
083541
101927
109407
125211
204165
040052
180598
200196
202698
114694
121745
939516
041519
169153
169162
142844
082418
073299
040510
143137
083957
144842
071194
081995
133583
211262
079839
161406
049178
212261
071828
131803
073401
084531
119104
082251
141697
092221
900278
079811
180889
180898
191594
190798
012836
942546
002714
163431
080492
134200
022597
050314
062179
019327
041158
042660
161894
162053
002723
042175
133962
141193
031489
211880
211987
090462
062433
092821
161142
030666
071079
060038
193917
200284
052066
145126
210218
990772
133440
982021
072306
202500
061037
060684
060675
162520
143834
193608
112614
194200
209072
219149
210466
983321
065176
102786
115162
039376
070829
972952
971510
041837
011485
062549
013332
088370
108444
098455
095097
119704
118169
118196
118275
020192
125884
065370
022649
124276
021904
181303
160752
160761
152832
152823
164282
950766
180543
170828
154955
154946
031601
128148
052718
213436
190840
085512
131027
101548
105183
069879
032991
126052
941025
172774
113128
182393
149070
149089
159004
172059
890207
082394
199074
070159
139384
084310
129004
081021
129068
199092
061513
079080
089014
089005
112738
112747
179025
070168
100018
053348
219103
199083
070140
060514
179043
139393
199108
060074
061498
070131
219112
179168
113207
031452
181685
073853
073987
164776
143473
963424
193847
112562
161691
141581
135315
133926
143304
151763
152408
211068
200327
152348
160540
173085
061347
210175
900799
114427
049584
000559
210633
881702
133195
973466
142756
210836
134307
920651
030162
173464
142474
011661
201362
053975
080280
112835
122471
084559
204004
114790
143182
161867
191188
020040
979328
134079
182648
981792
133007
153019
964123
983093
022279
073996
111775
073387
080580
053171
084152
013235
084407
892162
132441
922870
080871
132080
200381
082533
141651
093496
022930
071412
991144
000798
112871
210493
123028
963964
095103
940972
983709
204022
071546
102362
021870
074400
135642
092937
110121
059475
959573
001488
090296
020880
089809
010247
114949
108639
110291
142013
021021
075506
141475
202352
200548
